============= Model =============
Testing the trained model:
Confusion Matrix:
[[38  0  0  0  0  0  0  0  1  0  0  1  0  0  0]
 [ 0 29  1  0  0  2  0  0  0  0  1  1  1  0  0]
 [ 0  0 30  0  0  0  0  0  0  0  0  0  0  0  0]
 [ 0  0  0 36  0  1  0  0  0  0  0  0  0  0  0]
 [ 0  0  2  0 29  0  0  1  0  0  0  1  1  0  1]
 [ 0  0  0  0  0 36  1  0  0  0  2  0  0  1  0]
 [ 1  0  0  1  0  1 31  0  0  1  0  0  0  0  0]
 [ 0  0  0  0  0  0  0 29  0  0  0  0  0  0  0]
 [ 1  0  0  0  1  0  1  1 23  0  3  1  0  0  0]
 [ 0  0  0  0  0  1  0  0  0 34  0  0  0  0  0]
 [ 0  0  0  0  0  0  0  0  2  1 32  0  0  0  0]
 [ 0  0  1  0  0  0  0  0  1  0  0 33  0  0  0]
 [ 0  0  0  0  0  0  0  0  0  0  0  0 34  0  1]
 [ 0  0  0  0  0  0  0  0  0  0  0  0  2 33  0]
 [ 0  0  0  0  1  0  0  0  0  0  0  0  1  0 33]]
Accuracy: 0.9195402298850575
Evaluation Report:              precision    recall  f1-score   support

           1       0.95      0.95      0.95        40
           2       1.00      0.83      0.91        35
           3       0.88      1.00      0.94        30
           4       0.97      0.97      0.97        37
           5       0.94      0.83      0.88        35
          13       0.88      0.90      0.89        40
          21       0.94      0.89      0.91        35
          23       0.94      1.00      0.97        29
          24       0.85      0.74      0.79        31
          28       0.94      0.97      0.96        35
          30       0.84      0.91      0.88        35
          31       0.89      0.94      0.92        35
          40       0.87      0.97      0.92        35
          41       0.97      0.94      0.96        35
          42       0.94      0.94      0.94        35

    accuracy                           0.92       522
   macro avg       0.92      0.92      0.92       522
weighted avg       0.92      0.92      0.92       522

============= WM =============
Testing the trained model:
Confusion Matrix:
[[ 5  0  0  0  0  0  0  0  0  0  0  0  0]
 [ 0  6  0  0  0  0  0  0  0  0  0  0  0]
 [ 0  0 10  0  0  0  0  0  0  0  0  0  0]
 [ 0  0  0  6  1  0  0  0  0  0  0  0  0]
 [ 0  0  0  0 10  0  0  0  0  0  0  0  0]
 [ 0  0  0  0  0  2  1  0  0  0  0  0  0]
 [ 0  0  0  0  0  0  2  0  0  0  0  0  1]
 [ 0  0  0  0  0  0  0  0  0  0  0  0  0]
 [ 0  0  0  0  0  0  0  1  0  0  0  0  0]
 [ 0  0  0  0  0  0  0  0  0  2  0  0  0]
 [ 0  0  0  0  0  0  0  0  0  0  4  0  0]
 [ 0  0  0  0  0  0  0  0  0  0  0  3  0]
 [ 0  0  0  0  0  0  0  0  0  0  0  0  0]]
Accuracy: 0.9259259259259259
Evaluation Report:              precision    recall  f1-score   support

           1       1.00      1.00      1.00         5
           2       1.00      1.00      1.00         6
           3       1.00      1.00      1.00        10
           4       1.00      0.86      0.92         7
           5       0.91      1.00      0.95        10
          13       1.00      0.67      0.80         3
          21       0.67      0.67      0.67         3
          23       0.00      0.00      0.00         0
          24       0.00      0.00      0.00         1
          28       1.00      1.00      1.00         2
          30       1.00      1.00      1.00         4
          31       1.00      1.00      1.00         3
          40       0.00      0.00      0.00         0

    accuracy                           0.93        54
   macro avg       0.74      0.71      0.72        54
weighted avg       0.95      0.93      0.93        54

============= MM =============
Testing the trained model:
Confusion Matrix:
[[4 0 0 0 0 1 0 0 0 0 0 0 0 0]
 [0 7 1 0 0 0 0 0 1 0 0 1 0 0]
 [0 1 7 0 0 0 1 0 0 0 0 0 1 0]
 [0 0 0 6 0 0 0 0 0 0 0 0 0 0]
 [0 0 1 0 9 0 0 0 0 0 0 0 0 0]
 [0 0 0 0 0 7 0 0 1 0 0 0 0 0]
 [0 0 0 0 0 0 7 2 0 0 1 0 0 0]
 [0 0 0 0 0 0 0 0 0 0 0 0 0 0]
 [0 0 0 0 0 1 0 0 1 0 0 0 0 0]
 [0 1 0 0 0 0 0 0 0 3 0 0 0 0]
 [0 0 0 0 0 0 0 0 0 0 5 0 0 1]
 [0 0 0 0 0 0 0 0 0 0 0 0 0 0]
 [0 0 0 0 0 0 0 0 0 0 0 0 0 0]
 [0 0 0 0 0 0 0 0 0 0 0 0 0 0]]
Accuracy: 0.7887323943661971
Evaluation Report:              precision    recall  f1-score   support

           1       1.00      0.80      0.89         5
           2       0.78      0.70      0.74        10
           3       0.78      0.70      0.74        10
           4       1.00      1.00      1.00         6
           5       1.00      0.90      0.95        10
          13       0.78      0.88      0.82         8
          21       0.88      0.70      0.78        10
          23       0.00      0.00      0.00         0
          28       0.33      0.50      0.40         2
          30       1.00      0.75      0.86         4
          31       0.83      0.83      0.83         6
          40       0.00      0.00      0.00         0
          41       0.00      0.00      0.00         0
          42       0.00      0.00      0.00         0

    accuracy                           0.79        71
   macro avg       0.60      0.55      0.57        71
weighted avg       0.86      0.79      0.82        71

============= HM =============
Testing the trained model:
Confusion Matrix:
[[5 0 0 0 0 0 0 0 0 0 0 0 0 0]
 [0 5 0 0 0 3 1 0 1 0 0 0 0 0]
 [0 1 5 0 0 0 1 1 0 0 0 0 1 1]
 [0 1 0 5 0 0 3 0 0 0 0 1 0 0]
 [0 0 0 0 6 2 0 0 1 0 1 0 0 0]
 [0 0 0 0 0 8 0 0 0 0 0 0 0 0]
 [1 0 0 0 1 0 6 1 0 0 0 0 1 0]
 [0 0 0 0 0 0 0 0 0 0 0 0 0 0]
 [0 0 0 0 0 0 0 0 0 0 0 0 0 0]
 [0 0 0 0 0 0 0 0 0 3 0 1 0 0]
 [0 0 0 0 1 0 0 0 0 0 3 0 0 0]
 [0 0 0 0 0 0 0 0 0 0 0 0 0 0]
 [0 0 0 0 0 0 0 0 0 0 0 0 0 0]
 [0 0 0 0 0 0 0 0 0 0 0 0 0 0]]
Accuracy: 0.647887323943662
Evaluation Report:              precision    recall  f1-score   support

           1       0.83      1.00      0.91         5
           2       0.71      0.50      0.59        10
           3       1.00      0.50      0.67        10
           4       1.00      0.50      0.67        10
           5       0.75      0.60      0.67        10
          13       0.62      1.00      0.76         8
          21       0.55      0.60      0.57        10
          23       0.00      0.00      0.00         0
          24       0.00      0.00      0.00         0
          28       1.00      0.75      0.86         4
          30       0.75      0.75      0.75         4
          31       0.00      0.00      0.00         0
          40       0.00      0.00      0.00         0
          42       0.00      0.00      0.00         0

    accuracy                           0.65        71
   macro avg       0.51      0.44      0.46        71
weighted avg       0.79      0.65      0.69        71

