============= Model =============
Testing the trained model:
Confusion Matrix:
[[36  0  0  0  0  0  2  0  1  0  0  0  1  0  0]
 [ 1 30  0  0  2  1  0  1  0  0  0  0  0  0  0]
 [ 0  1 24  0  1  0  3  0  0  0  1  0  0  0  0]
 [ 0  0  0 37  0  0  0  0  0  0  0  0  0  0  0]
 [ 0  0  0  0 31  0  0  1  0  0  0  1  1  0  1]
 [ 0  1  0  0  0 37  0  0  1  0  0  0  0  1  0]
 [ 0  0  0  1  0  1 32  1  0  0  0  0  0  0  0]
 [ 0  0  0  0  0  1  1 26  1  0  0  0  0  0  0]
 [ 0  0  0  0  0  1  2  1 27  0  0  0  0  0  0]
 [ 0  0  0  0  0  1  2  0  0 32  0  0  0  0  0]
 [ 0  0  0  0  0  0  1  0  0  1 32  1  0  0  0]
 [ 0  0  0  0  0  0  0  0  0  0  0 34  0  0  1]
 [ 0  0  0  0  0  0  0  0  0  0  0  0 34  0  1]
 [ 0  0  0  0  0  0  0  0  0  0  0  0  1 34  0]
 [ 0  0  0  0  0  2  0  0  0  0  0  0  1  0 32]]
Accuracy: 0.9157088122605364
Evaluation Report:              precision    recall  f1-score   support

           1       0.97      0.90      0.94        40
           2       0.94      0.86      0.90        35
           3       1.00      0.80      0.89        30
           4       0.97      1.00      0.99        37
           5       0.91      0.89      0.90        35
          13       0.84      0.93      0.88        40
          21       0.74      0.91      0.82        35
          23       0.87      0.90      0.88        29
          24       0.90      0.87      0.89        31
          28       0.97      0.91      0.94        35
          30       0.97      0.91      0.94        35
          31       0.94      0.97      0.96        35
          40       0.89      0.97      0.93        35
          41       0.97      0.97      0.97        35
          42       0.91      0.91      0.91        35

    accuracy                           0.92       522
   macro avg       0.92      0.91      0.92       522
weighted avg       0.92      0.92      0.92       522

============= WM =============
Testing the trained model:
Confusion Matrix:
[[ 5  0  0  0  0  0  0  0  0  0  0  0  0]
 [ 0  6  0  0  0  0  0  0  0  0  0  0  0]
 [ 0  1  8  0  0  0  1  0  0  0  0  0  0]
 [ 1  0  0  6  0  0  0  0  0  0  0  0  0]
 [ 0  0  0  0 10  0  0  0  0  0  0  0  0]
 [ 0  1  0  0  0  2  0  0  0  0  0  0  0]
 [ 0  1  0  0  0  0  2  0  0  0  0  0  0]
 [ 0  0  0  0  0  0  0  0  0  0  0  0  0]
 [ 0  0  0  0  0  0  0  1  0  0  0  0  0]
 [ 0  0  0  0  0  0  0  0  0  2  0  0  0]
 [ 0  0  0  0  0  0  0  0  0  0  3  0  1]
 [ 0  0  0  0  0  0  0  0  0  0  0  3  0]
 [ 0  0  0  0  0  0  0  0  0  0  0  0  0]]
Accuracy: 0.8703703703703703
Evaluation Report:              precision    recall  f1-score   support

           1       0.83      1.00      0.91         5
           2       0.67      1.00      0.80         6
           3       1.00      0.80      0.89        10
           4       1.00      0.86      0.92         7
           5       1.00      1.00      1.00        10
          13       1.00      0.67      0.80         3
          21       0.67      0.67      0.67         3
          23       0.00      0.00      0.00         0
          24       0.00      0.00      0.00         1
          28       1.00      1.00      1.00         2
          30       1.00      0.75      0.86         4
          31       1.00      1.00      1.00         3
          40       0.00      0.00      0.00         0

    accuracy                           0.87        54
   macro avg       0.71      0.67      0.68        54
weighted avg       0.91      0.87      0.88        54

============= MM =============
Testing the trained model:
Confusion Matrix:
[[5 0 0 0 0 0 0 0 0 0 0 0 0]
 [1 6 0 0 0 0 1 1 1 0 0 0 0]
 [0 0 6 1 0 1 0 0 0 1 0 0 1]
 [0 0 0 6 0 0 0 0 0 0 0 0 0]
 [0 1 0 0 9 0 0 0 0 0 0 0 0]
 [0 1 0 0 0 6 0 0 1 0 0 0 0]
 [0 0 0 1 0 1 8 0 0 0 0 0 0]
 [0 0 0 0 0 0 0 0 0 0 0 0 0]
 [0 0 0 0 0 0 0 0 0 0 0 0 0]
 [0 0 0 0 0 1 0 0 0 1 0 0 0]
 [0 1 0 0 0 0 0 0 0 0 3 0 0]
 [0 0 0 0 0 0 0 0 0 0 0 6 0]
 [0 0 0 0 0 0 0 0 0 0 0 0 0]]
Accuracy: 0.7887323943661971
Evaluation Report:              precision    recall  f1-score   support

           1       0.83      1.00      0.91         5
           2       0.67      0.60      0.63        10
           3       1.00      0.60      0.75        10
           4       0.75      1.00      0.86         6
           5       1.00      0.90      0.95        10
          13       0.67      0.75      0.71         8
          21       0.89      0.80      0.84        10
          23       0.00      0.00      0.00         0
          24       0.00      0.00      0.00         0
          28       0.50      0.50      0.50         2
          30       1.00      0.75      0.86         4
          31       1.00      1.00      1.00         6
          42       0.00      0.00      0.00         0

    accuracy                           0.79        71
   macro avg       0.64      0.61      0.62        71
weighted avg       0.85      0.79      0.81        71

============= HM =============
Testing the trained model:
Confusion Matrix:
[[3 0 0 0 0 1 1 0 0 0 0 0 0]
 [0 3 0 0 0 0 3 2 0 1 0 1 0]
 [0 1 2 0 0 1 2 0 0 0 0 1 3]
 [0 0 0 2 2 0 4 1 1 0 0 0 0]
 [0 3 0 0 5 0 0 1 1 0 0 0 0]
 [0 0 0 0 1 4 1 0 0 0 1 1 0]
 [0 1 0 1 0 2 5 0 0 0 0 0 1]
 [0 0 0 0 0 0 0 0 0 0 0 0 0]
 [0 0 0 0 0 0 0 0 4 0 0 0 0]
 [0 0 0 1 0 0 0 1 0 2 0 0 0]
 [0 0 0 0 0 0 0 0 0 0 0 0 0]
 [0 0 0 0 0 0 0 0 0 0 0 0 0]
 [0 0 0 0 0 0 0 0 0 0 0 0 0]]
Accuracy: 0.4225352112676056
Evaluation Report:              precision    recall  f1-score   support

           1       1.00      0.60      0.75         5
           2       0.38      0.30      0.33        10
           3       1.00      0.20      0.33        10
           4       0.50      0.20      0.29        10
           5       0.62      0.50      0.56        10
          13       0.50      0.50      0.50         8
          21       0.31      0.50      0.38        10
          24       0.00      0.00      0.00         0
          28       0.67      1.00      0.80         4
          30       0.67      0.50      0.57         4
          31       0.00      0.00      0.00         0
          40       0.00      0.00      0.00         0
          42       0.00      0.00      0.00         0

    accuracy                           0.42        71
   macro avg       0.43      0.33      0.35        71
weighted avg       0.60      0.42      0.45        71

