============= Model =============
Testing the trained model:
Confusion Matrix:
[[26  0  0  2  3  2  1  0  0  0  3  1  0  2  0]
 [ 8  0  1  4  7  5  2  0  0  2  0  4  0  2  0]
 [ 7  0  9  0  3  4  3  0  0  3  0  1  0  0  0]
 [ 7  0  1 16  0  2  2  0  0  1  1  1  0  6  0]
 [ 2  0  1  1 20  6  1  0  0  3  0  0  0  1  0]
 [ 7  0  1  1  5 16  4  0  0  4  0  1  0  1  0]
 [ 4  0  1  1  2  4 12  0  1  1  3  0  0  6  0]
 [ 5  0  2  3  1  5  6  0  0  2  1  2  1  1  0]
 [ 3  0  3  3  5  7  3  0  3  0  0  0  1  3  0]
 [ 9  0  1  0  3  9  1  0  0 11  0  0  0  1  0]
 [ 7  0  2  1  1  7  0  0  3  3  4  2  1  3  1]
 [10  0  0  2  1  3  4  0  0  1  1 11  0  2  0]
 [ 0  0  0  1  0  9  2  0  2  0  0  0 21  0  0]
 [ 2  0  0  3  1  2  4  0  0  1  0  0  0 22  0]
 [ 2  0  6  1  1  9  4  0  0  0  1  1  3  1  6]]
Accuracy: 0.3390804597701149
Evaluation Report:              precision    recall  f1-score   support

           1       0.26      0.65      0.37        40
           2       0.00      0.00      0.00        35
           3       0.32      0.30      0.31        30
           4       0.41      0.43      0.42        37
           5       0.38      0.57      0.45        35
          13       0.18      0.40      0.25        40
          21       0.24      0.34      0.29        35
          23       0.00      0.00      0.00        29
          24       0.33      0.10      0.15        31
          28       0.34      0.31      0.33        35
          30       0.29      0.11      0.16        35
          31       0.46      0.31      0.37        35
          40       0.78      0.60      0.68        35
          41       0.43      0.63      0.51        35
          42       0.86      0.17      0.29        35

    accuracy                           0.34       522
   macro avg       0.35      0.33      0.31       522
weighted avg       0.35      0.34      0.31       522

============= WM =============
Testing the trained model:
Confusion Matrix:
[[4 0 0 0 0 0 0 0 1 0 0 0]
 [3 0 0 0 1 0 0 0 0 0 2 0]
 [3 0 2 0 0 1 0 0 4 0 0 0]
 [2 0 0 4 0 1 0 0 0 0 0 0]
 [1 0 0 0 2 3 0 0 1 0 2 1]
 [2 0 0 0 0 0 1 0 0 0 0 0]
 [2 0 0 0 0 0 0 0 1 0 0 0]
 [0 0 0 0 0 0 0 0 0 0 1 0]
 [2 0 0 0 0 0 0 0 0 0 0 0]
 [0 0 0 0 0 0 0 0 3 1 0 0]
 [2 0 0 0 0 0 0 0 0 0 1 0]
 [0 0 0 0 0 0 0 0 0 0 0 0]]
Accuracy: 0.25925925925925924
Evaluation Report:              precision    recall  f1-score   support

           1       0.19      0.80      0.31         5
           2       0.00      0.00      0.00         6
           3       1.00      0.20      0.33        10
           4       1.00      0.57      0.73         7
           5       0.67      0.20      0.31        10
          13       0.00      0.00      0.00         3
          21       0.00      0.00      0.00         3
          24       0.00      0.00      0.00         1
          28       0.00      0.00      0.00         2
          30       1.00      0.25      0.40         4
          31       0.17      0.33      0.22         3
          41       0.00      0.00      0.00         0

    accuracy                           0.26        54
   macro avg       0.34      0.20      0.19        54
weighted avg       0.54      0.26      0.28        54

============= MM =============
Testing the trained model:
Confusion Matrix:
[[5 0 0 0 0 0 0 0 0 0 0 0]
 [2 0 1 0 0 4 0 0 2 0 0 1]
 [3 0 0 2 0 2 0 0 3 0 0 0]
 [3 0 0 1 1 1 0 0 0 0 0 0]
 [1 0 0 0 1 5 1 1 1 0 0 0]
 [1 0 0 1 1 3 0 0 2 0 0 0]
 [2 0 0 2 1 0 2 0 1 0 0 2]
 [0 0 0 0 0 0 0 0 0 0 0 0]
 [0 0 0 0 0 1 0 0 1 0 0 0]
 [1 0 0 0 0 1 0 0 0 1 0 1]
 [3 0 0 0 1 0 0 0 0 0 2 0]
 [0 0 0 0 0 0 0 0 0 0 0 0]]
Accuracy: 0.22535211267605634
Evaluation Report:              precision    recall  f1-score   support

           1       0.24      1.00      0.38         5
           2       0.00      0.00      0.00        10
           3       0.00      0.00      0.00        10
           4       0.17      0.17      0.17         6
           5       0.20      0.10      0.13        10
          13       0.18      0.38      0.24         8
          21       0.67      0.20      0.31        10
          24       0.00      0.00      0.00         0
          28       0.10      0.50      0.17         2
          30       1.00      0.25      0.40         4
          31       1.00      0.33      0.50         6
          41       0.00      0.00      0.00         0

    accuracy                           0.23        71
   macro avg       0.30      0.24      0.19        71
weighted avg       0.32      0.23      0.20        71

============= HM =============
Testing the trained model:
Confusion Matrix:
[[2 0 0 0 0 2 0 0 0 0 1]
 [1 0 0 1 4 3 1 0 0 0 0]
 [0 0 2 1 1 2 2 0 0 1 1]
 [0 0 0 0 2 3 2 0 0 0 3]
 [0 0 0 1 3 3 1 0 0 0 2]
 [1 0 1 0 0 3 0 2 0 0 1]
 [1 0 0 0 0 0 3 1 0 1 4]
 [0 0 0 0 0 0 0 0 0 0 0]
 [0 0 0 0 0 4 0 0 0 0 0]
 [0 0 0 1 0 2 0 0 0 0 1]
 [0 0 0 0 0 0 0 0 0 0 0]]
Accuracy: 0.18309859154929578
Evaluation Report:              precision    recall  f1-score   support

           1       0.40      0.40      0.40         5
           2       0.00      0.00      0.00        10
           3       0.67      0.20      0.31        10
           4       0.00      0.00      0.00        10
           5       0.30      0.30      0.30        10
          13       0.14      0.38      0.20         8
          21       0.33      0.30      0.32        10
          24       0.00      0.00      0.00         0
          28       0.00      0.00      0.00         4
          30       0.00      0.00      0.00         4
          41       0.00      0.00      0.00         0

    accuracy                           0.18        71
   macro avg       0.17      0.14      0.14        71
weighted avg       0.23      0.18      0.18        71

