============= Model =============
Testing the trained model:
Confusion Matrix:
[[37  0  0  1  0  1  0  0  0  0  0  0  0  1  0]
 [ 0 20  1  0  2  4  0  1  0  1  0  2  0  4  0]
 [ 0  0 20  0  2  2  1  0  1  2  0  0  0  2  0]
 [ 0  0  0 33  3  0  0  0  0  0  0  0  0  1  0]
 [ 0  0  1  0 25  2  0  0  0  0  0  0  1  6  0]
 [ 0  0  0  0  1 26  2  1  0  0  0  0  0 10  0]
 [ 0  0  0  0  0  5 12  2  1  4  0  0  1 10  0]
 [ 0  0  0  0  0  2  1 18  4  0  1  0  0  3  0]
 [ 0  0  0  0  0  1  1  0 26  0  1  0  0  2  0]
 [ 1  1  1  0  0  1  0  0  0 26  0  0  2  3  0]
 [ 0  0  0  0  0  0  0  0  4  0 28  0  0  3  0]
 [ 0  0  0  0  0  3  0  0  0  1  0 25  0  6  0]
 [ 0  0  0  0  3  4  0  0  0  0  0  1 24  3  0]
 [ 0  0  0  0  0  1  2  0  0  0  0  0  0 32  0]
 [ 0  0  1  0  0  0  1  0  0  0  0  0  0  3 30]]
Accuracy: 0.7318007662835249
Evaluation Report:              precision    recall  f1-score   support

           1       0.97      0.93      0.95        40
           2       0.95      0.57      0.71        35
           3       0.83      0.67      0.74        30
           4       0.97      0.89      0.93        37
           5       0.69      0.71      0.70        35
          13       0.50      0.65      0.57        40
          21       0.60      0.34      0.44        35
          23       0.82      0.62      0.71        29
          24       0.72      0.84      0.78        31
          28       0.76      0.74      0.75        35
          30       0.93      0.80      0.86        35
          31       0.89      0.71      0.79        35
          40       0.86      0.69      0.76        35
          41       0.36      0.91      0.52        35
          42       1.00      0.86      0.92        35

    accuracy                           0.73       522
   macro avg       0.79      0.73      0.74       522
weighted avg       0.79      0.73      0.74       522

============= WM =============
Testing the trained model:
Confusion Matrix:
[[ 4  0  0  0  0  1  0  0  0  0  0]
 [ 0  6  0  0  0  0  0  0  0  0  0]
 [ 0  0  8  0  0  2  0  0  0  0  0]
 [ 0  0  0  7  0  0  0  0  0  0  0]
 [ 0  0  0  0 10  0  0  0  0  0  0]
 [ 0  0  0  0  0  2  0  1  0  0  0]
 [ 0  0  0  0  0  0  1  0  2  0  0]
 [ 0  0  0  0  0  1  0  0  0  0  0]
 [ 0  0  0  0  0  0  0  0  2  0  0]
 [ 0  0  0  0  0  0  0  0  0  4  0]
 [ 0  0  0  0  0  0  0  0  0  0  3]]
Accuracy: 0.8703703703703703
Evaluation Report:              precision    recall  f1-score   support

           1       1.00      0.80      0.89         5
           2       1.00      1.00      1.00         6
           3       1.00      0.80      0.89        10
           4       1.00      1.00      1.00         7
           5       1.00      1.00      1.00        10
          13       0.33      0.67      0.44         3
          21       1.00      0.33      0.50         3
          24       0.00      0.00      0.00         1
          28       0.50      1.00      0.67         2
          30       1.00      1.00      1.00         4
          31       1.00      1.00      1.00         3

    accuracy                           0.87        54
   macro avg       0.80      0.78      0.76        54
weighted avg       0.93      0.87      0.88        54

============= MM =============
Testing the trained model:
Confusion Matrix:
[[4 0 0 0 0 0 0 0 0 0 1 0]
 [0 8 0 0 0 1 0 0 0 0 1 0]
 [0 0 5 1 1 2 0 0 0 0 1 0]
 [0 0 0 6 0 0 0 0 0 0 0 0]
 [0 0 1 0 7 2 0 0 0 0 0 0]
 [1 0 0 0 0 7 0 0 0 0 0 0]
 [0 0 0 0 1 0 4 2 0 0 2 1]
 [0 0 0 0 0 0 0 2 0 0 0 0]
 [0 0 0 0 0 0 0 0 4 0 0 0]
 [0 0 0 0 0 0 0 0 0 5 1 0]
 [0 0 0 0 0 0 0 0 0 0 0 0]
 [0 0 0 0 0 0 0 0 0 0 0 0]]
Accuracy: 0.7323943661971831
Evaluation Report:              precision    recall  f1-score   support

           1       0.80      0.80      0.80         5
           2       1.00      0.80      0.89        10
           3       0.83      0.50      0.62        10
           4       0.86      1.00      0.92         6
           5       0.78      0.70      0.74        10
          13       0.58      0.88      0.70         8
          21       1.00      0.40      0.57        10
          28       0.50      1.00      0.67         2
          30       1.00      1.00      1.00         4
          31       1.00      0.83      0.91         6
          41       0.00      0.00      0.00         0
          42       0.00      0.00      0.00         0

    accuracy                           0.73        71
   macro avg       0.70      0.66      0.65        71
weighted avg       0.86      0.73      0.76        71

============= HM =============
Testing the trained model:
Confusion Matrix:
[[3 0 1 0 0 0 0 0 0 0 0 0 1]
 [0 0 1 0 0 5 0 0 0 0 2 0 2]
 [0 0 0 0 3 4 0 1 0 0 0 0 2]
 [0 0 0 4 3 1 0 1 0 0 0 0 1]
 [0 0 0 0 4 1 1 0 0 0 0 1 3]
 [0 1 0 0 0 3 0 0 0 0 0 0 4]
 [0 0 0 0 0 1 3 1 0 0 0 0 5]
 [0 0 0 0 0 0 0 0 0 0 0 0 0]
 [0 0 0 0 0 1 0 0 3 0 0 0 0]
 [0 0 0 0 0 0 0 0 0 2 0 0 2]
 [0 0 0 0 0 0 0 0 0 0 0 0 0]
 [0 0 0 0 0 0 0 0 0 0 0 0 0]
 [0 0 0 0 0 0 0 0 0 0 0 0 0]]
Accuracy: 0.30985915492957744
Evaluation Report:              precision    recall  f1-score   support

           1       1.00      0.60      0.75         5
           2       0.00      0.00      0.00        10
           3       0.00      0.00      0.00        10
           4       1.00      0.40      0.57        10
           5       0.40      0.40      0.40        10
          13       0.19      0.38      0.25         8
          21       0.75      0.30      0.43        10
          24       0.00      0.00      0.00         0
          28       1.00      0.75      0.86         4
          30       1.00      0.50      0.67         4
          31       0.00      0.00      0.00         0
          40       0.00      0.00      0.00         0
          41       0.00      0.00      0.00         0

    accuracy                           0.31        71
   macro avg       0.41      0.26      0.30        71
weighted avg       0.51      0.31      0.36        71

