====================================
Solver: adam - Activation: relu - hidden layer sizes (64, 64, 64)
Accuracy Model: 0.9494252873563218
============= Model =============
Testing the trained model:
Confusion Matrix:
[[21  0  0  0  0  0  0  0  0  0  0  0  0  0  0  0  0  0  0  0  0  0  0  0
   0  0  0  0  0  0]
 [ 0 21  0  0  0  0  0  0  0  0  0  0  0  0  0  0  0  0  0  0  0  0  0  0
   0  0  0  0  0  0]
 [ 0  0 22  0  0  0  0  0  0  0  0  0  0  0  0  0  0  0  0  0  0  0  0  0
   0  0  0  0  0  0]
 [ 0  0  0 20  0  0  0  0  0  0  0  0  0  0  0  0  0  0  0  0  0  0  0  0
   0  0  0  0  0  0]
 [ 0  0  0  0  1  0  0  0  0  0  0  0  0  0  0  0  0  0  0  0  0  0  0  0
   0  0  0  0  0  0]
 [ 0  1  0  0  0  0  0  0  0  0  0  0  0  0  0  0  0  0  0  0  0  0  0  0
   0  0  0  0  0  0]
 [ 0  0  0  0  0  0 20  0  0  0  0  0  0  0  0  0  0  0  0  0  0  0  0  0
   0  0  0  0  0  0]
 [ 0  0  0  0  0  0  0 21  0  0  0  0  0  0  0  0  0  0  0  0  0  0  0  0
   0  0  0  0  0  0]
 [ 0  0  0  0  0  0  0  0 20  0  0  0  0  0  0  0  0  0  0  0  0  0  0  0
   0  0  0  1  0  0]
 [ 0  0  0  0  0  0  0  0  0 21  0  0  0  0  0  0  0  0  0  0  0  0  0  0
   0  0  0  0  0  0]
 [ 0  0  0  0  0  0  0  1  0  0 18  0  0  0  0  0  0  0  0  0  0  0  0  0
   0  0  0  0  0  0]
 [ 0  0  0  0  0  0  0  0  0  0  0 19  0  0  0  0  0  0  0  0  0  0  0  0
   0  0  1  0  0  0]
 [ 0  0  0  0  0  0  0  0  0  0  0  0  6  0  0  0  0  0  0  0  0  0  0  0
   0  0  0  0  0  0]
 [ 0  0  0  0  0  0  0  0  0  0  0  0  0  5  0  0  0  0  1  0  0  0  0  0
   0  0  0  0  0  0]
 [ 0  0  0  0  0  0  0  0  0  0  0  0  0  0  8  0  0  0  0  0  0  0  0  0
   0  0  0  0  0  0]
 [ 0  0  0  0  0  0  0  0  0  0  0  0  0  0  0  6  0  0  0  0  0  0  0  0
   0  0  0  0  0  0]
 [ 0  0  0  0  0  0  0  0  0  0  0  0  0  0  0  0 15  0  0  0  1  0  0  0
   0  0  0  1  0  0]
 [ 0  0  0  0  0  0  0  0  0  0  0  0  0  0  0  0  0  5  0  0  0  1  0  0
   1  0  0  0  0  0]
 [ 0  0  1  0  0  0  0  0  0  0  0  0  0  0  0  0  0  0  7  0  0  0  0  0
   0  0  1  0  0  0]
 [ 0  0  0  0  0  0  0  0  0  0  0  0  0  0  0  0  0  0  0 10  0  0  0  0
   0  0  0  0  0  0]
 [ 0  0  0  0  0  0  0  0  0  0  0  0  0  0  0  0  0  0  0  0 10  0  0  0
   0  0  0  1  0  0]
 [ 0  0  0  0  0  0  0  0  0  0  0  0  0  0  0  0  0  0  0  0  0  7  0  0
   0  0  0  0  0  0]
 [ 0  0  0  0  0  0  0  0  0  0  0  0  0  0  0  0  0  0  0  0  0  0  1  0
   0  0  0  0  0  0]
 [ 0  0  0  0  0  0  0  0  0  0  0  0  0  0  0  0  0  0  0  0  0  0  0 14
   0  0  0  0  0  0]
 [ 0  0  1  0  0  0  0  0  0  0  1  0  0  0  0  0  0  0  0  0  0  0  0  0
  19  0  0  0  0  0]
 [ 0  0  0  0  0  0  0  0  0  0  0  0  0  0  0  0  0  0  0  0  0  0  0  0
   0 21  0  0  0  0]
 [ 0  0  0  0  0  0  0  0  0  0  0  0  0  0  0  0  0  0  0  0  0  1  0  2
   0  0 18  0  0  0]
 [ 0  0  0  0  0  0  0  0  1  0  0  0  0  0  0  0  0  0  0  1  0  0  0  0
   0  0  0 18  0  0]
 [ 0  0  0  0  0  0  0  0  0  0  0  0  0  0  0  0  0  0  0  0  0  0  0  0
   0  0  0  0 21  0]
 [ 0  0  0  0  0  0  0  0  0  0  1  0  0  0  0  0  0  0  0  1  0  0  0  0
   0  0  0  1  0 18]]
Accuracy: 0.9494252873563218
Evaluation Report:              precision    recall  f1-score   support

           1       1.00      1.00      1.00        21
           2       0.95      1.00      0.98        21
           3       0.92      1.00      0.96        22
           4       1.00      1.00      1.00        20
           5       1.00      1.00      1.00         1
           7       0.00      0.00      0.00         1
           9       1.00      1.00      1.00        20
          12       0.95      1.00      0.98        21
          14       0.95      0.95      0.95        21
          19       1.00      1.00      1.00        21
          24       0.90      0.95      0.92        19
          25       1.00      0.95      0.97        20
          26       1.00      1.00      1.00         6
          27       1.00      0.83      0.91         6
          28       1.00      1.00      1.00         8
          29       1.00      1.00      1.00         6
          30       1.00      0.88      0.94        17
          32       1.00      0.71      0.83         7
          33       0.88      0.78      0.82         9
          34       0.83      1.00      0.91        10
          35       0.91      0.91      0.91        11
          36       0.78      1.00      0.88         7
          48       1.00      1.00      1.00         1
          62       0.88      1.00      0.93        14
          63       0.95      0.90      0.93        21
          64       1.00      1.00      1.00        21
          65       0.90      0.86      0.88        21
          66       0.82      0.90      0.86        20
          77       1.00      1.00      1.00        21
          78       1.00      0.86      0.92        21

    accuracy                           0.95       435
   macro avg       0.92      0.92      0.92       435
weighted avg       0.95      0.95      0.95       435

============= WM =============
Testing the trained model:
Confusion Matrix:
[[3 0 0 0 0 0 0 0 0 0 0 0 0 0 0 0 0 0 0 0 0 0 0 0 0]
 [0 3 0 0 0 0 0 0 0 0 0 0 0 0 0 0 0 0 0 0 0 0 0 0 0]
 [0 0 3 0 0 0 0 0 0 0 0 0 0 0 0 0 0 0 0 0 0 0 0 0 0]
 [0 0 0 3 0 0 0 0 0 0 0 0 0 0 0 0 0 0 0 0 0 0 0 0 0]
 [0 0 0 0 3 0 0 0 0 0 0 0 0 0 0 0 0 0 0 0 0 0 0 0 0]
 [0 0 0 0 0 3 0 0 0 0 0 0 0 0 0 0 0 0 0 0 0 0 0 0 0]
 [0 0 0 0 0 0 3 0 0 0 0 0 0 0 0 0 0 0 0 0 0 0 0 0 0]
 [0 0 0 0 0 0 0 2 0 0 0 0 0 0 0 0 0 0 0 0 1 0 0 0 0]
 [0 0 0 0 0 0 0 0 0 0 0 0 0 0 0 0 0 0 0 0 0 0 0 0 0]
 [0 0 0 0 0 0 0 0 0 2 0 0 0 0 0 0 0 0 0 0 0 0 0 0 0]
 [0 0 1 0 0 0 0 0 0 0 0 0 0 0 0 0 1 0 0 0 0 0 0 1 0]
 [0 0 0 0 0 0 0 0 1 0 0 0 0 0 0 0 0 0 0 0 0 0 0 0 0]
 [0 0 0 0 0 0 0 2 0 0 0 0 0 0 0 0 0 0 0 0 0 0 0 0 0]
 [1 0 0 0 0 0 0 0 0 0 0 0 0 0 0 0 0 0 0 0 0 0 0 0 0]
 [0 1 0 0 0 0 0 0 0 0 0 0 0 0 0 0 0 0 0 0 0 0 0 0 0]
 [0 0 0 0 0 0 0 0 0 1 0 0 0 0 0 0 0 0 0 0 0 0 0 0 0]
 [0 0 0 0 0 0 0 0 0 0 0 0 0 0 0 0 1 0 0 0 0 0 0 0 0]
 [0 0 0 0 0 0 0 0 0 0 0 0 0 0 0 0 0 0 0 0 0 0 0 0 0]
 [0 0 0 0 0 0 0 0 0 0 0 0 0 0 0 0 0 0 3 0 0 0 0 0 0]
 [0 0 0 0 0 0 0 0 0 0 0 0 0 0 0 0 0 0 0 3 0 0 0 0 0]
 [0 0 0 0 0 0 0 0 0 0 0 0 0 0 0 0 0 0 0 0 3 0 0 0 0]
 [0 0 0 0 0 0 0 0 0 0 0 0 0 0 0 0 0 1 0 0 0 2 0 0 0]
 [0 0 0 0 0 0 0 0 0 0 0 0 0 0 0 0 0 0 0 0 0 0 3 0 0]
 [0 0 0 0 0 0 1 0 0 0 0 0 0 0 0 0 0 0 1 0 0 0 0 1 0]
 [0 0 0 0 0 0 0 0 0 0 0 0 0 0 0 0 0 0 0 0 0 0 0 0 3]]
Accuracy: 0.7719298245614035
Evaluation Report:              precision    recall  f1-score   support

           1       0.75      1.00      0.86         3
           2       0.75      1.00      0.86         3
           3       0.75      1.00      0.86         3
           4       1.00      1.00      1.00         3
           9       1.00      1.00      1.00         3
          12       1.00      1.00      1.00         3
          14       0.75      1.00      0.86         3
          19       0.50      0.67      0.57         3
          24       0.00      0.00      0.00         0
          25       0.67      1.00      0.80         2
          26       0.00      0.00      0.00         3
          27       0.00      0.00      0.00         1
          28       0.00      0.00      0.00         2
          29       0.00      0.00      0.00         1
          30       0.00      0.00      0.00         1
          32       0.00      0.00      0.00         1
          33       0.50      1.00      0.67         1
          35       0.00      0.00      0.00         0
          62       0.75      1.00      0.86         3
          63       1.00      1.00      1.00         3
          64       0.75      1.00      0.86         3
          65       1.00      0.67      0.80         3
          66       1.00      1.00      1.00         3
          77       0.50      0.33      0.40         3
          78       1.00      1.00      1.00         3

    accuracy                           0.77        57
   macro avg       0.55      0.63      0.58        57
weighted avg       0.69      0.77      0.72        57

============= MM =============
Testing the trained model:
Confusion Matrix:
[[2 0 0 0 0 0 0 0 0 0 0 0 0 0 0 0 0 0 0 0 0 0 1 0 0]
 [0 2 0 0 0 1 0 0 0 0 0 0 0 0 0 0 0 0 0 0 0 0 0 0 0]
 [0 0 3 0 0 0 0 0 0 0 0 0 0 0 0 0 0 0 0 0 0 0 0 0 0]
 [1 0 0 2 0 0 0 0 0 0 0 0 0 0 0 0 0 0 0 0 0 0 0 0 0]
 [0 0 0 0 2 0 1 0 0 0 0 0 0 0 0 0 0 0 0 0 0 0 0 0 0]
 [0 0 0 0 0 2 0 0 0 1 0 0 0 0 0 0 0 0 0 0 0 0 0 0 0]
 [0 1 1 0 0 0 0 0 0 0 0 0 0 0 0 0 0 0 0 0 0 0 0 0 1]
 [0 0 0 0 0 0 0 3 0 0 0 0 0 0 0 0 0 0 0 1 0 0 0 0 0]
 [0 1 0 0 0 0 0 0 1 0 0 0 0 0 0 0 0 1 0 0 0 0 0 0 0]
 [0 0 0 0 0 0 0 0 0 3 0 0 0 0 0 0 0 0 0 0 0 0 0 0 0]
 [0 0 0 0 0 0 0 1 0 0 1 0 0 0 0 0 0 0 0 0 0 0 0 1 0]
 [0 0 0 0 1 1 0 0 1 0 0 0 0 0 0 0 0 0 0 0 0 0 0 0 0]
 [0 0 0 0 0 0 0 0 1 0 0 0 1 0 0 0 0 1 0 0 0 0 0 0 0]
 [0 1 0 0 0 0 1 0 0 0 0 0 0 0 0 0 0 0 0 0 0 0 0 1 0]
 [0 0 0 1 0 0 0 0 0 0 0 0 0 0 1 0 1 0 0 0 0 0 0 0 0]
 [0 0 0 0 0 0 0 0 0 0 0 0 0 0 0 0 0 0 1 0 1 1 0 0 0]
 [0 0 0 0 0 0 0 0 0 0 0 0 0 0 0 0 1 0 0 0 0 0 0 0 0]
 [0 0 0 0 0 0 0 0 0 0 0 0 0 0 0 0 0 0 0 0 0 0 0 0 0]
 [0 0 0 0 0 1 0 0 0 0 0 0 0 0 0 0 0 0 1 0 0 1 0 0 0]
 [0 0 0 0 0 0 0 0 1 0 0 0 0 0 0 0 0 0 0 2 0 0 0 0 0]
 [0 1 0 0 0 0 0 0 0 1 0 0 0 1 0 0 0 0 0 0 0 0 0 0 0]
 [0 0 0 0 0 0 0 0 0 0 0 0 0 0 0 0 0 0 0 0 0 2 1 0 0]
 [0 1 0 0 0 0 0 0 0 0 0 0 0 0 1 0 0 0 0 0 0 0 1 0 0]
 [0 0 0 0 0 0 0 0 0 0 0 0 0 0 0 0 0 0 0 0 0 0 0 3 0]
 [0 0 0 0 0 0 0 0 0 0 0 0 0 0 0 0 1 0 0 0 0 0 0 0 2]]
Accuracy: 0.49295774647887325
Evaluation Report:              precision    recall  f1-score   support

           1       0.67      0.67      0.67         3
           2       0.29      0.67      0.40         3
           3       0.75      1.00      0.86         3
           4       0.67      0.67      0.67         3
           9       0.67      0.67      0.67         3
          12       0.40      0.67      0.50         3
          14       0.00      0.00      0.00         3
          19       0.75      0.75      0.75         4
          24       0.25      0.33      0.29         3
          25       0.60      1.00      0.75         3
          26       1.00      0.33      0.50         3
          27       0.00      0.00      0.00         3
          28       1.00      0.33      0.50         3
          29       0.00      0.00      0.00         3
          30       0.50      0.33      0.40         3
          32       0.00      0.00      0.00         3
          34       0.33      1.00      0.50         1
          36       0.00      0.00      0.00         0
          62       0.50      0.33      0.40         3
          63       0.67      0.67      0.67         3
          64       0.00      0.00      0.00         3
          65       0.50      0.67      0.57         3
          66       0.33      0.33      0.33         3
          77       0.60      1.00      0.75         3
          78       0.67      0.67      0.67         3

    accuracy                           0.49        71
   macro avg       0.45      0.48      0.43        71
weighted avg       0.47      0.49      0.45        71

============= HM =============
Testing the trained model:
Confusion Matrix:
[[0 1 0 0 0 0 0 0 0 0 0 0 0 0 0 0 0 0 2 0 0 0 0 0 0 0]
 [0 1 0 0 0 0 0 0 0 0 0 0 0 0 0 0 0 1 0 1 0 0 0 0 0 0]
 [0 1 2 0 0 0 0 0 0 0 0 0 0 0 0 0 0 0 0 0 0 0 0 0 0 0]
 [0 0 0 1 0 0 0 0 0 0 0 0 0 1 0 0 0 0 0 1 0 0 0 0 0 0]
 [0 0 0 0 2 0 0 0 0 0 0 0 0 0 0 0 0 0 1 0 0 0 0 0 0 0]
 [0 0 0 0 0 2 0 0 0 0 0 0 0 0 0 0 0 0 0 1 0 0 0 0 0 0]
 [0 0 0 0 0 0 0 0 0 0 0 1 0 0 0 0 0 1 0 0 0 0 0 0 0 1]
 [0 0 0 0 0 0 0 1 0 0 0 0 0 0 0 0 1 0 0 0 2 0 0 0 0 0]
 [0 0 0 0 0 0 0 0 1 0 0 0 0 0 0 0 0 0 2 0 0 0 0 0 0 0]
 [0 0 0 0 0 0 0 0 1 0 0 0 0 0 0 0 0 0 0 0 1 0 0 1 0 0]
 [0 0 0 0 0 0 0 0 0 0 0 0 0 0 0 1 0 0 0 0 0 0 0 0 0 0]
 [0 0 0 0 0 0 0 0 1 0 0 1 0 0 0 0 0 0 0 0 0 0 0 0 0 0]
 [0 0 0 0 0 0 0 0 0 0 0 0 0 0 0 0 0 1 0 0 0 0 0 0 0 0]
 [0 0 0 0 0 0 0 0 0 0 0 0 0 0 0 0 0 0 0 0 0 0 0 0 0 0]
 [0 1 0 1 0 0 0 0 0 1 0 0 0 0 0 0 0 0 0 0 0 0 0 0 0 0]
 [0 0 0 0 0 0 0 0 0 0 0 0 0 1 0 0 0 0 0 1 0 1 0 0 0 0]
 [0 0 0 0 0 0 0 0 0 0 0 0 0 0 0 0 0 0 0 0 0 0 0 0 0 0]
 [0 0 0 0 0 0 0 0 0 0 0 0 0 0 0 0 0 3 0 0 0 0 0 0 0 0]
 [0 0 0 0 0 0 0 0 0 0 0 0 0 0 0 0 0 0 2 0 0 0 0 1 0 0]
 [0 1 0 0 0 0 0 0 0 0 0 0 0 0 0 0 0 0 0 1 0 1 0 0 0 0]
 [0 0 0 0 0 0 0 0 0 0 0 0 0 0 0 0 0 0 0 0 1 1 1 0 0 0]
 [0 1 1 0 0 0 0 0 0 0 0 0 0 0 0 0 0 0 0 0 1 0 0 0 0 0]
 [0 0 0 0 0 0 0 0 1 0 0 0 0 0 0 0 0 0 0 1 0 0 0 0 0 1]
 [0 0 1 0 0 0 0 0 0 0 0 0 0 1 0 0 0 0 0 0 0 0 0 0 0 1]
 [0 0 0 0 0 0 0 0 0 0 0 0 0 1 0 0 0 0 0 0 0 0 0 0 1 1]
 [0 0 1 0 1 0 0 0 0 0 0 0 0 0 0 0 0 0 0 0 0 0 0 1 0 0]]
Accuracy: 0.27941176470588236
Evaluation Report:              precision    recall  f1-score   support

           1       0.00      0.00      0.00         3
           2       0.17      0.33      0.22         3
           3       0.40      0.67      0.50         3
           4       0.50      0.33      0.40         3
           9       0.67      0.67      0.67         3
          12       1.00      0.67      0.80         3
          14       0.00      0.00      0.00         3
          19       1.00      0.25      0.40         4
          24       0.25      0.33      0.29         3
          25       0.00      0.00      0.00         3
          26       0.00      0.00      0.00         1
          28       0.50      0.50      0.50         2
          29       0.00      0.00      0.00         1
          30       0.00      0.00      0.00         0
          32       0.00      0.00      0.00         3
          33       0.00      0.00      0.00         3
          34       0.00      0.00      0.00         0
          35       0.50      1.00      0.67         3
          36       0.29      0.67      0.40         3
          62       0.17      0.33      0.22         3
          63       0.20      0.33      0.25         3
          64       0.00      0.00      0.00         3
          65       0.00      0.00      0.00         3
          66       0.00      0.00      0.00         3
          77       1.00      0.33      0.50         3
          78       0.00      0.00      0.00         3

    accuracy                           0.28        68
   macro avg       0.26      0.25      0.22        68
weighted avg       0.30      0.28      0.26        68

