============= Model =============
Testing the trained model:
Confusion Matrix:
[[17  5  0  4  0  2  3  1  1  1  0  5  0  1  0]
 [ 5 14  0  1  3  0  0  0  3  2  1  3  1  0  2]
 [ 0  0 21  2  0  1  0  0  0  1  0  2  0  1  2]
 [ 4  0  1 14  1  2  3  0  1  0  1  8  1  1  0]
 [ 3  3  0  2 12  3  2  0  2  2  1  0  3  1  1]
 [ 2  1  0  4  0 11  2  1  5  1  5  2  2  2  2]
 [ 2  1  0  3  5  4 12  2  0  3  2  0  0  0  1]
 [ 1  1  2  1  5  5  1  1  2  1  2  5  0  1  1]
 [ 1  3  2  0  0  1  2  0 13  1  2  2  1  0  3]
 [ 1  6  1  3  1  2  3  2  0  6  2  1  1  3  3]
 [ 1  1  0  1  2  0  2  1  4  9  7  1  2  0  4]
 [ 4  1  0  2  1  1  0  0  1  2  0 17  3  2  1]
 [ 0  4  1  0  2  0  0  0  0  0  0  0 26  0  2]
 [ 0  0  2  0  0  0  0  0  0  0  3  0  0 30  0]
 [ 0  0  0  0  0  1  3  0  0  1  2  0  3  0 25]]
Accuracy: 0.4329501915708812
Evaluation Report:              precision    recall  f1-score   support

           1       0.41      0.42      0.42        40
           2       0.35      0.40      0.37        35
           3       0.70      0.70      0.70        30
           4       0.38      0.38      0.38        37
           5       0.38      0.34      0.36        35
          13       0.33      0.28      0.30        40
          21       0.36      0.34      0.35        35
          23       0.12      0.03      0.05        29
          24       0.41      0.42      0.41        31
          28       0.20      0.17      0.18        35
          30       0.25      0.20      0.22        35
          31       0.37      0.49      0.42        35
          40       0.60      0.74      0.67        35
          41       0.71      0.86      0.78        35
          42       0.53      0.71      0.61        35

    accuracy                           0.43       522
   macro avg       0.41      0.43      0.42       522
weighted avg       0.41      0.43      0.42       522

============= WM =============
Testing the trained model:
Confusion Matrix:
[[4 0 0 0 0 0 0 0 0 0 1 0 0 0]
 [0 3 0 1 0 0 0 0 0 1 0 0 0 1]
 [0 0 5 2 0 0 0 0 0 0 0 1 1 1]
 [0 0 0 3 0 0 1 0 0 1 1 1 0 0]
 [0 1 0 0 4 0 0 0 0 2 0 2 1 0]
 [0 1 1 0 0 0 0 0 1 0 0 0 0 0]
 [1 0 0 1 0 0 0 0 0 0 1 0 0 0]
 [0 0 0 0 0 0 0 0 0 1 0 0 0 0]
 [0 1 0 0 1 0 0 0 0 0 0 0 0 0]
 [0 1 0 0 0 0 0 0 0 2 0 0 0 1]
 [0 0 0 0 0 0 0 0 0 0 3 0 0 0]
 [0 0 0 0 0 0 0 0 0 0 0 0 0 0]
 [0 0 0 0 0 0 0 0 0 0 0 0 0 0]
 [0 0 0 0 0 0 0 0 0 0 0 0 0 0]]
Accuracy: 0.4444444444444444
Evaluation Report:              precision    recall  f1-score   support

           1       0.80      0.80      0.80         5
           2       0.43      0.50      0.46         6
           3       0.83      0.50      0.62        10
           4       0.43      0.43      0.43         7
           5       0.80      0.40      0.53        10
          13       0.00      0.00      0.00         3
          21       0.00      0.00      0.00         3
          24       0.00      0.00      0.00         1
          28       0.00      0.00      0.00         2
          30       0.29      0.50      0.36         4
          31       0.50      1.00      0.67         3
          40       0.00      0.00      0.00         0
          41       0.00      0.00      0.00         0
          42       0.00      0.00      0.00         0

    accuracy                           0.44        54
   macro avg       0.29      0.29      0.28        54
weighted avg       0.53      0.44      0.46        54

============= MM =============
Testing the trained model:
Confusion Matrix:
[[1 2 0 2 0 0 0 0 0 0 0 0 0 0 0]
 [3 1 0 2 0 2 0 0 1 0 1 0 0 0 0]
 [0 0 3 2 0 0 0 0 1 0 0 2 1 1 0]
 [1 0 0 2 0 0 0 0 0 0 1 2 0 0 0]
 [1 2 1 0 1 1 0 1 1 0 0 0 1 0 1]
 [0 1 0 1 1 2 0 0 0 1 0 0 2 0 0]
 [2 1 1 0 0 2 2 0 0 2 0 0 0 0 0]
 [0 0 0 0 0 0 0 0 0 0 0 0 0 0 0]
 [0 0 0 0 0 0 0 0 0 0 0 0 0 0 0]
 [0 0 0 0 0 0 0 0 0 0 1 0 0 1 0]
 [0 0 0 0 0 0 0 0 0 2 0 1 1 0 0]
 [0 2 0 0 0 1 0 0 0 0 0 3 0 0 0]
 [0 0 0 0 0 0 0 0 0 0 0 0 0 0 0]
 [0 0 0 0 0 0 0 0 0 0 0 0 0 0 0]
 [0 0 0 0 0 0 0 0 0 0 0 0 0 0 0]]
Accuracy: 0.2112676056338028
Evaluation Report:              precision    recall  f1-score   support

           1       0.12      0.20      0.15         5
           2       0.11      0.10      0.11        10
           3       0.60      0.30      0.40        10
           4       0.22      0.33      0.27         6
           5       0.50      0.10      0.17        10
          13       0.25      0.25      0.25         8
          21       1.00      0.20      0.33        10
          23       0.00      0.00      0.00         0
          24       0.00      0.00      0.00         0
          28       0.00      0.00      0.00         2
          30       0.00      0.00      0.00         4
          31       0.38      0.50      0.43         6
          40       0.00      0.00      0.00         0
          41       0.00      0.00      0.00         0
          42       0.00      0.00      0.00         0

    accuracy                           0.21        71
   macro avg       0.21      0.13      0.14        71
weighted avg       0.40      0.21      0.24        71

============= HM =============
Testing the trained model:
Confusion Matrix:
[[0 2 0 0 0 0 2 0 1 0 0 0 0 0 0]
 [3 0 1 0 1 1 0 0 1 0 1 0 1 0 1]
 [0 0 5 0 2 0 0 0 0 1 0 0 1 1 0]
 [1 0 0 2 1 0 2 0 0 1 2 0 1 0 0]
 [1 1 1 0 1 0 0 1 0 3 2 0 0 0 0]
 [3 0 0 0 2 1 0 0 0 0 1 1 0 0 0]
 [0 1 1 0 0 1 5 0 0 0 0 2 0 0 0]
 [0 0 0 0 0 0 0 0 0 0 0 0 0 0 0]
 [0 0 0 0 0 0 0 0 0 0 0 0 0 0 0]
 [0 0 0 0 1 0 0 1 0 0 1 0 0 1 0]
 [0 0 0 0 0 0 2 0 0 1 1 0 0 0 0]
 [0 0 0 0 0 0 0 0 0 0 0 0 0 0 0]
 [0 0 0 0 0 0 0 0 0 0 0 0 0 0 0]
 [0 0 0 0 0 0 0 0 0 0 0 0 0 0 0]
 [0 0 0 0 0 0 0 0 0 0 0 0 0 0 0]]
Accuracy: 0.2112676056338028
Evaluation Report:              precision    recall  f1-score   support

           1       0.00      0.00      0.00         5
           2       0.00      0.00      0.00        10
           3       0.62      0.50      0.56        10
           4       1.00      0.20      0.33        10
           5       0.12      0.10      0.11        10
          13       0.33      0.12      0.18         8
          21       0.45      0.50      0.48        10
          23       0.00      0.00      0.00         0
          24       0.00      0.00      0.00         0
          28       0.00      0.00      0.00         4
          30       0.12      0.25      0.17         4
          31       0.00      0.00      0.00         0
          40       0.00      0.00      0.00         0
          41       0.00      0.00      0.00         0
          42       0.00      0.00      0.00         0

    accuracy                           0.21        71
   macro avg       0.18      0.11      0.12        71
weighted avg       0.36      0.21      0.24        71

