============= Model =============
Testing the trained model:
Confusion Matrix:
[[38  0  0  0  1  0  0  1  0  0  0  0  0  0  0]
 [ 0 30  1  0  0  1  0  0  0  0  0  1  0  2  0]
 [ 0  0 27  0  0  0  1  0  0  0  0  0  2  0  0]
 [ 1  0  0 36  0  0  0  0  0  0  0  0  0  0  0]
 [ 0  1  0  0 30  0  0  0  0  0  1  0  0  2  1]
 [ 0  1  0  0  2 34  0  1  0  0  0  0  1  1  0]
 [ 0  1  3  0  1  0 26  0  2  1  1  0  0  0  0]
 [ 0  1  0  0  0  0  0 28  0  0  0  0  0  0  0]
 [ 0  0  0  0  0  0  0  1 29  0  1  0  0  0  0]
 [ 0  0  0  0  0  0  0  0  0 33  0  0  2  0  0]
 [ 0  0  0  0  0  0  0  0  2  0 32  0  1  0  0]
 [ 0  1  0  0  1  0  0  0  0  0  0 32  0  1  0]
 [ 0  0  1  0  1  0  0  1  0  0  0  0 32  0  0]
 [ 0  1  0  0  3  1  0  0  0  0  0  0  0 30  0]
 [ 0  0  0  0  1  0  0  0  0  0  0  0  0  0 34]]
Accuracy: 0.9022988505747126
Evaluation Report:              precision    recall  f1-score   support

           1       0.97      0.95      0.96        40
           2       0.83      0.86      0.85        35
           3       0.84      0.90      0.87        30
           4       1.00      0.97      0.99        37
           5       0.75      0.86      0.80        35
          13       0.94      0.85      0.89        40
          21       0.96      0.74      0.84        35
          23       0.88      0.97      0.92        29
          24       0.88      0.94      0.91        31
          28       0.97      0.94      0.96        35
          30       0.91      0.91      0.91        35
          31       0.97      0.91      0.94        35
          40       0.84      0.91      0.88        35
          41       0.83      0.86      0.85        35
          42       0.97      0.97      0.97        35

    accuracy                           0.90       522
   macro avg       0.90      0.90      0.90       522
weighted avg       0.91      0.90      0.90       522

============= WM =============
Testing the trained model:
Confusion Matrix:
[[ 5  0  0  0  0  0  0  0  0  0  0  0  0]
 [ 0  5  0  0  0  0  0  0  0  0  0  0  1]
 [ 0  0 10  0  0  0  0  0  0  0  0  0  0]
 [ 0  0  0  7  0  0  0  0  0  0  0  0  0]
 [ 0  0  0  0 10  0  0  0  0  0  0  0  0]
 [ 0  0  0  0  0  2  0  1  0  0  0  0  0]
 [ 0  0  0  0  0  0  3  0  0  0  0  0  0]
 [ 0  0  0  0  0  0  0  0  0  0  0  0  0]
 [ 0  0  0  0  0  0  0  1  0  0  0  0  0]
 [ 0  0  0  0  0  0  0  0  0  2  0  0  0]
 [ 0  0  0  0  0  0  0  0  0  0  4  0  0]
 [ 0  0  0  0  0  0  0  0  0  0  0  3  0]
 [ 0  0  0  0  0  0  0  0  0  0  0  0  0]]
Accuracy: 0.9444444444444444
Evaluation Report:              precision    recall  f1-score   support

           1       1.00      1.00      1.00         5
           2       1.00      0.83      0.91         6
           3       1.00      1.00      1.00        10
           4       1.00      1.00      1.00         7
           5       1.00      1.00      1.00        10
          13       1.00      0.67      0.80         3
          21       1.00      1.00      1.00         3
          23       0.00      0.00      0.00         0
          24       0.00      0.00      0.00         1
          28       1.00      1.00      1.00         2
          30       1.00      1.00      1.00         4
          31       1.00      1.00      1.00         3
          41       0.00      0.00      0.00         0

    accuracy                           0.94        54
   macro avg       0.77      0.73      0.75        54
weighted avg       0.98      0.94      0.96        54

============= MM =============
Testing the trained model:
Confusion Matrix:
[[ 5  0  0  0  0  0  0  0  0  0  0  0]
 [ 0  9  0  0  1  0  0  0  0  0  0  0]
 [ 0  0  7  0  0  2  0  1  0  0  0  0]
 [ 0  0  0  6  0  0  0  0  0  0  0  0]
 [ 0  0  0  0 10  0  0  0  0  0  0  0]
 [ 1  0  0  0  0  7  0  0  0  0  0  0]
 [ 0  0  0  0  0  0  8  0  1  0  0  1]
 [ 0  0  0  0  0  0  0  0  0  0  0  0]
 [ 0  0  0  0  0  0  0  0  0  0  0  0]
 [ 0  0  0  0  0  0  0  0  0  2  0  0]
 [ 0  0  0  0  0  0  0  0  0  0  4  0]
 [ 0  0  0  0  0  0  0  0  0  0  0  6]]
Accuracy: 0.9014084507042254
Evaluation Report:              precision    recall  f1-score   support

           1       0.83      1.00      0.91         5
           2       1.00      0.90      0.95        10
           3       1.00      0.70      0.82        10
           4       1.00      1.00      1.00         6
           5       0.91      1.00      0.95        10
          13       0.78      0.88      0.82         8
          21       1.00      0.80      0.89        10
          23       0.00      0.00      0.00         0
          24       0.00      0.00      0.00         0
          28       1.00      1.00      1.00         2
          30       1.00      1.00      1.00         4
          31       0.86      1.00      0.92         6

    accuracy                           0.90        71
   macro avg       0.78      0.77      0.77        71
weighted avg       0.94      0.90      0.91        71

============= HM =============
Testing the trained model:
Confusion Matrix:
[[4 0 0 0 0 0 0 1 0 0 0 0 0]
 [0 8 2 0 0 0 0 0 0 0 0 0 0]
 [0 2 5 0 0 0 0 0 0 2 0 0 1]
 [0 1 0 7 0 1 1 0 0 0 0 0 0]
 [0 1 0 0 7 0 0 0 1 0 0 1 0]
 [0 1 1 1 1 4 0 0 0 0 0 0 0]
 [0 0 1 0 1 0 3 1 3 1 0 0 0]
 [0 0 0 0 0 0 0 0 0 0 0 0 0]
 [0 0 0 0 0 0 0 0 0 0 0 0 0]
 [0 0 0 0 0 0 0 0 0 4 0 0 0]
 [0 1 0 0 0 0 0 0 1 0 2 0 0]
 [0 0 0 0 0 0 0 0 0 0 0 0 0]
 [0 0 0 0 0 0 0 0 0 0 0 0 0]]
Accuracy: 0.6197183098591549
Evaluation Report:              precision    recall  f1-score   support

           1       1.00      0.80      0.89         5
           2       0.57      0.80      0.67        10
           3       0.56      0.50      0.53        10
           4       0.88      0.70      0.78        10
           5       0.78      0.70      0.74        10
          13       0.80      0.50      0.62         8
          21       0.75      0.30      0.43        10
          23       0.00      0.00      0.00         0
          24       0.00      0.00      0.00         0
          28       0.57      1.00      0.73         4
          30       1.00      0.50      0.67         4
          31       0.00      0.00      0.00         0
          40       0.00      0.00      0.00         0

    accuracy                           0.62        71
   macro avg       0.53      0.45      0.46        71
weighted avg       0.75      0.62      0.65        71

