============= Model =============
Testing the trained model:
Confusion Matrix:
[[38  0  0  0  1  0  1  0  0  0  0  0  0  0  0]
 [ 0 31  0  0  4  0  0  0  0  0  0  0  0  0  0]
 [ 0  0 29  0  1  0  0  0  0  0  0  0  0  0  0]
 [ 0  0  0 35  0  0  2  0  0  0  0  0  0  0  0]
 [ 0  2  0  0 32  0  1  0  0  0  0  0  0  0  0]
 [ 0  1  0  0  3 33  2  0  0  0  0  1  0  0  0]
 [ 0  1  0  0  3  0 31  0  0  0  0  0  0  0  0]
 [ 0  0  1  0  2  0  3 22  1  0  0  0  0  0  0]
 [ 0  1  0  0  3  0  1  1 25  0  0  0  0  0  0]
 [ 0  0  1  0  1  1  1  0  0 31  0  0  0  0  0]
 [ 0  0  0  0  2  0  0  0  0  0 33  0  0  0  0]
 [ 0  0  0  1  0  0  0  0  0  0  0 34  0  0  0]
 [ 0  1  0  0  0  0  0  0  0  0  0  0 34  0  0]
 [ 0  1  0  0  0  0  0  0  0  0  0  0  0 34  0]
 [ 0  0  0  0  2  0  0  0  0  0  0  0  0  0 33]]
Accuracy: 0.9099616858237548
Evaluation Report:              precision    recall  f1-score   support

           1       1.00      0.95      0.97        40
           2       0.82      0.89      0.85        35
           3       0.94      0.97      0.95        30
           4       0.97      0.95      0.96        37
           5       0.59      0.91      0.72        35
          13       0.97      0.82      0.89        40
          21       0.74      0.89      0.81        35
          23       0.96      0.76      0.85        29
          24       0.96      0.81      0.88        31
          28       1.00      0.89      0.94        35
          30       1.00      0.94      0.97        35
          31       0.97      0.97      0.97        35
          40       1.00      0.97      0.99        35
          41       1.00      0.97      0.99        35
          42       1.00      0.94      0.97        35

    accuracy                           0.91       522
   macro avg       0.93      0.91      0.91       522
weighted avg       0.93      0.91      0.91       522

============= WM =============
Testing the trained model:
Confusion Matrix:
[[ 5  0  0  0  0  0  0  0  0  0  0  0]
 [ 0  6  0  0  0  0  0  0  0  0  0  0]
 [ 0  0  9  0  0  1  0  0  0  0  0  0]
 [ 0  0  0  7  0  0  0  0  0  0  0  0]
 [ 0  0  0  0 10  0  0  0  0  0  0  0]
 [ 0  1  0  0  0  2  0  0  0  0  0  0]
 [ 0  0  0  0  0  0  3  0  0  0  0  0]
 [ 0  0  0  0  0  0  0  0  0  0  0  0]
 [ 0  0  0  0  0  0  0  1  0  0  0  0]
 [ 0  0  0  0  0  0  0  0  0  2  0  0]
 [ 0  0  0  0  0  0  0  0  0  0  4  0]
 [ 0  0  0  0  0  0  0  0  0  0  0  3]]
Accuracy: 0.9444444444444444
Evaluation Report:              precision    recall  f1-score   support

           1       1.00      1.00      1.00         5
           2       0.86      1.00      0.92         6
           3       1.00      0.90      0.95        10
           4       1.00      1.00      1.00         7
           5       1.00      1.00      1.00        10
          13       0.67      0.67      0.67         3
          21       1.00      1.00      1.00         3
          23       0.00      0.00      0.00         0
          24       0.00      0.00      0.00         1
          28       1.00      1.00      1.00         2
          30       1.00      1.00      1.00         4
          31       1.00      1.00      1.00         3

    accuracy                           0.94        54
   macro avg       0.79      0.80      0.79        54
weighted avg       0.95      0.94      0.94        54

============= MM =============
Testing the trained model:
Confusion Matrix:
[[5 0 0 0 0 0 0 0 0 0]
 [0 9 0 0 0 1 0 0 0 0]
 [0 0 9 0 1 0 0 0 0 0]
 [0 0 0 6 0 0 0 0 0 0]
 [0 0 0 0 9 0 0 1 0 0]
 [1 0 0 0 0 7 0 0 0 0]
 [0 0 1 1 0 0 8 0 0 0]
 [0 0 0 0 0 0 0 2 0 0]
 [0 0 0 0 0 0 0 0 4 0]
 [0 0 0 0 1 0 0 0 0 5]]
Accuracy: 0.9014084507042254
Evaluation Report:              precision    recall  f1-score   support

           1       0.83      1.00      0.91         5
           2       1.00      0.90      0.95        10
           3       0.90      0.90      0.90        10
           4       0.86      1.00      0.92         6
           5       0.82      0.90      0.86        10
          13       0.88      0.88      0.88         8
          21       1.00      0.80      0.89        10
          28       0.67      1.00      0.80         2
          30       1.00      1.00      1.00         4
          31       1.00      0.83      0.91         6

    accuracy                           0.90        71
   macro avg       0.90      0.92      0.90        71
weighted avg       0.91      0.90      0.90        71

============= HM =============
Testing the trained model:
Confusion Matrix:
[[5 0 0 0 0 0 0 0 0 0 0]
 [0 7 0 0 3 0 0 0 0 0 0]
 [0 0 6 2 2 0 0 0 0 0 0]
 [0 0 0 7 1 1 0 0 0 0 1]
 [0 1 0 0 9 0 0 0 0 0 0]
 [0 2 0 1 1 2 2 0 0 0 0]
 [0 1 1 0 1 0 6 1 0 0 0]
 [0 0 0 0 0 0 0 0 0 0 0]
 [0 0 0 0 0 0 0 0 4 0 0]
 [0 0 0 0 1 0 0 1 0 2 0]
 [0 0 0 0 0 0 0 0 0 0 0]]
Accuracy: 0.676056338028169
Evaluation Report:              precision    recall  f1-score   support

           1       1.00      1.00      1.00         5
           2       0.64      0.70      0.67        10
           3       0.86      0.60      0.71        10
           4       0.70      0.70      0.70        10
           5       0.50      0.90      0.64        10
          13       0.67      0.25      0.36         8
          21       0.75      0.60      0.67        10
          24       0.00      0.00      0.00         0
          28       1.00      1.00      1.00         4
          30       1.00      0.50      0.67         4
          42       0.00      0.00      0.00         0

    accuracy                           0.68        71
   macro avg       0.65      0.57      0.58        71
weighted avg       0.74      0.68      0.68        71

