====================================
Solver: adam - Activation: relu - hidden layer sizes (64, 64, 64)
Accuracy Model: 0.7448275862068966
============= Model =============
Testing the trained model:
Confusion Matrix:
[[19  0  0  0  0  0  0  0  0  0  0  0  0  0  0  0  0  0  0  0  0  0  0  0
   0  0  0  1  0  1]
 [ 0 15  0  1  0  0  0  0  1  0  0  0  0  0  0  0  0  0  0  0  0  0  0  0
   2  0  0  1  0  1]
 [ 0  0 19  0  0  0  0  0  0  0  0  0  0  0  0  0  0  0  0  0  0  0  0  0
   1  0  0  1  1  0]
 [ 0  1  0 17  0  0  0  0  0  0  0  0  0  0  0  0  0  0  0  0  0  0  0  0
   2  0  0  0  0  0]
 [ 0  0  0  0  0  0  0  0  0  0  0  0  0  0  0  0  0  0  0  0  0  0  0  0
   0  0  0  1  0  0]
 [ 0  0  1  0  0  0  0  0  0  0  0  0  0  0  0  0  0  0  0  0  0  0  0  0
   0  0  0  0  0  0]
 [ 0  1  0  0  0  0 19  0  0  0  0  0  0  0  0  0  0  0  0  0  0  0  0  0
   0  0  0  0  0  0]
 [ 0  0  0  0  0  0  0 19  0  0  0  0  0  0  0  0  0  0  0  0  0  0  0  0
   1  0  0  0  0  1]
 [ 0  0  0  0  0  0  0  0 20  0  0  0  0  0  0  0  0  0  0  0  0  0  0  0
   1  0  0  0  0  0]
 [ 0  0  0  0  0  0  0  0  0 20  0  0  0  0  0  0  0  0  0  0  0  0  0  0
   0  0  0  0  1  0]
 [ 0  0  0  0  0  0  0  0  0  0 18  0  0  0  0  0  0  0  0  0  0  0  0  0
   0  0  1  0  0  0]
 [ 0  0  1  0  0  0  0  0  0  0  1 18  0  0  0  0  0  0  0  0  0  0  0  0
   0  0  0  0  0  0]
 [ 0  0  0  0  0  0  0  0  0  1  0  0  2  0  0  0  0  0  0  0  0  0  0  0
   2  0  0  0  1  0]
 [ 0  0  0  0  0  0  0  1  0  0  0  0  0  3  0  0  0  0  0  0  0  0  0  0
   2  0  0  0  0  0]
 [ 0  0  0  3  0  0  0  1  0  0  1  0  0  0  1  0  2  0  0  0  0  0  0  0
   0  0  0  0  0  0]
 [ 0  1  1  0  0  0  0  0  0  1  0  0  0  0  0  0  0  0  0  0  0  0  0  1
   0  1  1  0  0  0]
 [ 0  0  0  0  0  0  0  0  1  0  0  0  0  0  0  0 11  0  0  0  0  0  0  0
   4  0  0  0  0  1]
 [ 0  0  0  0  0  0  0  0  1  0  0  0  0  0  0  0  0  0  0  0  1  0  0  1
   4  0  0  0  0  0]
 [ 0  1  0  1  0  0  0  0  1  0  0  0  0  0  0  0  0  0  1  0  0  0  0  0
   3  0  0  2  0  0]
 [ 0  0  0  0  0  0  0  0  0  0  0  0  0  0  0  0  0  0  0  6  0  0  0  0
   3  0  0  1  0  0]
 [ 0  0  0  0  0  0  0  0  1  1  0  0  0  0  0  0  0  0  0  0  0  0  0  0
   6  0  0  0  3  0]
 [ 0  0  0  0  0  0  0  0  0  1  0  0  0  0  0  0  0  0  0  0  0  0  0  0
   4  0  1  0  0  1]
 [ 0  0  0  0  0  0  0  0  0  0  0  0  0  0  0  0  0  0  0  0  0  0  0  0
   0  0  0  1  0  0]
 [ 0  0  0  0  0  0  0  0  0  0  0  0  0  0  0  0  0  0  0  0  0  0  0 10
   1  0  3  0  0  0]
 [ 0  0  0  0  0  0  0  0  0  0  0  0  0  0  0  0  0  0  0  0  0  0  0  0
  20  0  1  0  0  0]
 [ 0  0  2  0  0  0  0  0  0  0  0  0  0  0  0  0  0  0  0  0  0  0  0  0
   4 14  0  1  0  0]
 [ 0  0  0  0  0  0  0  0  0  0  0  0  0  0  0  0  0  0  0  0  0  0  0  0
   3  1 17  0  0  0]
 [ 0  0  0  0  0  0  0  0  0  0  0  0  0  0  0  0  0  0  0  0  0  0  0  0
   0  0  1 17  0  2]
 [ 0  0  0  0  0  0  0  0  0  0  0  0  0  0  0  0  0  0  0  0  0  0  0  0
   1  0  0  0 20  0]
 [ 0  0  0  0  0  0  0  0  0  0  0  0  0  0  0  0  0  0  0  0  0  0  0  0
   1  0  1  1  0 18]]
Accuracy: 0.7448275862068966
Evaluation Report:              precision    recall  f1-score   support

           1       1.00      0.90      0.95        21
           2       0.79      0.71      0.75        21
           3       0.79      0.86      0.83        22
           4       0.77      0.85      0.81        20
           5       0.00      0.00      0.00         1
           7       0.00      0.00      0.00         1
           9       1.00      0.95      0.97        20
          12       0.90      0.90      0.90        21
          14       0.80      0.95      0.87        21
          19       0.83      0.95      0.89        21
          24       0.90      0.95      0.92        19
          25       1.00      0.90      0.95        20
          26       1.00      0.33      0.50         6
          27       1.00      0.50      0.67         6
          28       1.00      0.12      0.22         8
          29       0.00      0.00      0.00         6
          30       0.85      0.65      0.73        17
          32       0.00      0.00      0.00         7
          33       1.00      0.11      0.20         9
          34       1.00      0.60      0.75        10
          35       0.00      0.00      0.00        11
          36       0.00      0.00      0.00         7
          48       0.00      0.00      0.00         1
          62       0.83      0.71      0.77        14
          63       0.31      0.95      0.47        21
          64       0.88      0.67      0.76        21
          65       0.65      0.81      0.72        21
          66       0.63      0.85      0.72        20
          77       0.77      0.95      0.85        21
          78       0.72      0.86      0.78        21

    accuracy                           0.74       435
   macro avg       0.65      0.57      0.57       435
weighted avg       0.75      0.74      0.72       435

============= WM =============
Testing the trained model:
Confusion Matrix:
[[3 0 0 0 0 0 0 0 0 0 0 0 0 0 0 0 0 0 0 0 0 0 0 0]
 [0 3 0 0 0 0 0 0 0 0 0 0 0 0 0 0 0 0 0 0 0 0 0 0]
 [0 0 3 0 0 0 0 0 0 0 0 0 0 0 0 0 0 0 0 0 0 0 0 0]
 [0 0 0 3 0 0 0 0 0 0 0 0 0 0 0 0 0 0 0 0 0 0 0 0]
 [0 0 0 0 3 0 0 0 0 0 0 0 0 0 0 0 0 0 0 0 0 0 0 0]
 [0 0 0 0 0 3 0 0 0 0 0 0 0 0 0 0 0 0 0 0 0 0 0 0]
 [0 0 0 0 0 0 3 0 0 0 0 0 0 0 0 0 0 0 0 0 0 0 0 0]
 [0 0 0 0 0 0 0 2 0 0 0 0 0 0 0 0 0 0 0 0 0 0 1 0]
 [0 0 0 0 0 0 0 0 0 0 0 0 0 0 0 0 0 0 0 0 0 0 0 0]
 [0 0 0 0 0 0 0 0 0 2 0 0 0 0 0 0 0 0 0 0 0 0 0 0]
 [0 0 0 0 0 0 0 0 0 0 0 0 0 0 0 0 0 0 0 0 0 0 3 0]
 [0 0 0 0 0 0 0 0 0 0 0 1 0 0 0 0 0 0 0 0 0 0 0 0]
 [0 0 0 0 1 0 0 0 1 0 0 0 0 0 0 0 0 0 0 0 0 0 0 0]
 [0 0 0 0 0 0 0 1 0 0 0 0 0 0 0 0 0 0 0 0 0 0 0 0]
 [0 0 0 0 0 0 0 0 0 0 0 0 0 0 1 0 0 0 0 0 0 0 0 0]
 [1 0 0 0 0 0 0 0 0 0 0 0 0 0 0 0 0 0 0 0 0 0 0 0]
 [0 0 0 0 0 0 0 0 0 0 0 0 0 0 0 0 1 0 0 0 0 0 0 0]
 [0 0 0 0 1 0 0 0 0 0 0 0 0 0 0 0 0 2 0 0 0 0 0 0]
 [0 0 0 0 0 0 0 0 0 0 0 0 0 0 0 0 0 0 2 0 1 0 0 0]
 [0 0 0 0 0 0 0 0 0 0 0 0 0 0 0 0 0 0 0 3 0 0 0 0]
 [0 0 0 0 0 0 0 0 0 0 0 0 0 0 0 1 0 0 0 0 2 0 0 0]
 [0 0 0 0 0 0 0 0 0 0 0 0 0 0 0 0 0 0 0 0 0 3 0 0]
 [0 0 0 0 0 0 0 0 0 0 0 0 0 0 0 0 0 0 0 0 0 0 3 0]
 [0 0 0 0 0 0 0 0 0 0 0 0 0 0 0 0 0 0 0 0 0 0 0 3]]
Accuracy: 0.8070175438596491
Evaluation Report:              precision    recall  f1-score   support

           1       0.75      1.00      0.86         3
           2       1.00      1.00      1.00         3
           3       1.00      1.00      1.00         3
           4       1.00      1.00      1.00         3
           9       0.60      1.00      0.75         3
          12       1.00      1.00      1.00         3
          14       1.00      1.00      1.00         3
          19       0.67      0.67      0.67         3
          24       0.00      0.00      0.00         0
          25       1.00      1.00      1.00         2
          26       0.00      0.00      0.00         3
          27       1.00      1.00      1.00         1
          28       0.00      0.00      0.00         2
          29       0.00      0.00      0.00         1
          30       1.00      1.00      1.00         1
          32       0.00      0.00      0.00         1
          33       1.00      1.00      1.00         1
          62       1.00      0.67      0.80         3
          63       1.00      0.67      0.80         3
          64       1.00      1.00      1.00         3
          65       0.67      0.67      0.67         3
          66       1.00      1.00      1.00         3
          77       0.43      1.00      0.60         3
          78       1.00      1.00      1.00         3

    accuracy                           0.81        57
   macro avg       0.71      0.74      0.71        57
weighted avg       0.78      0.81      0.78        57

============= MM =============
Testing the trained model:
Confusion Matrix:
[[3 0 0 0 0 0 0 0 0 0 0 0 0 0 0 0 0 0 0 0 0 0 0 0]
 [0 3 0 0 0 0 0 0 0 0 0 0 0 0 0 0 0 0 0 0 0 0 0 0]
 [0 0 3 0 0 0 0 0 0 0 0 0 0 0 0 0 0 0 0 0 0 0 0 0]
 [0 0 0 3 0 0 0 0 0 0 0 0 0 0 0 0 0 0 0 0 0 0 0 0]
 [0 0 0 0 3 0 0 0 0 0 0 0 0 0 0 0 0 0 0 0 0 0 0 0]
 [0 0 0 0 0 2 0 0 0 0 0 0 0 0 0 0 0 0 1 0 0 0 0 0]
 [0 0 0 0 0 0 2 0 0 0 0 0 0 0 0 0 0 0 0 0 0 1 0 0]
 [0 0 0 0 0 0 0 3 0 0 0 0 0 0 0 0 0 0 0 0 0 0 1 0]
 [0 0 1 0 0 0 0 0 2 0 0 0 0 0 0 0 0 0 0 0 0 0 0 0]
 [0 0 0 0 0 0 0 0 1 2 0 0 0 0 0 0 0 0 0 0 0 0 0 0]
 [0 0 0 0 0 0 0 1 0 0 0 0 0 0 0 0 0 0 0 0 0 0 2 0]
 [1 0 0 0 0 0 0 0 0 0 0 0 0 0 0 0 0 0 0 0 2 0 0 0]
 [0 0 0 0 0 0 0 0 0 0 0 0 0 0 0 0 0 0 0 0 3 0 0 0]
 [0 0 0 0 0 0 0 1 0 0 0 0 0 0 0 0 0 1 1 0 0 0 0 0]
 [0 0 0 0 0 0 0 0 0 0 0 1 0 0 2 0 0 0 0 0 0 0 0 0]
 [0 1 0 0 0 0 0 0 0 0 0 0 0 0 0 0 0 1 0 0 0 1 0 0]
 [0 1 0 0 0 0 0 0 0 0 0 0 0 0 0 0 0 0 0 0 0 0 0 0]
 [0 0 0 0 0 0 0 1 0 0 0 0 0 0 0 0 0 1 0 0 0 0 1 0]
 [0 0 0 0 0 0 0 0 0 0 0 0 0 0 0 0 0 0 3 0 0 0 0 0]
 [0 0 0 0 0 0 0 0 0 0 0 0 0 0 0 0 0 0 0 3 0 0 0 0]
 [0 0 0 0 0 0 0 0 0 0 0 0 0 0 0 0 0 0 0 0 3 0 0 0]
 [0 0 0 0 0 0 0 0 0 0 0 0 0 0 0 0 0 0 0 0 0 3 0 0]
 [0 0 0 0 0 0 0 0 0 0 0 0 0 0 0 0 0 0 0 0 0 0 3 0]
 [0 0 0 0 0 0 0 0 0 0 0 0 0 0 0 0 0 0 0 0 0 0 0 3]]
Accuracy: 0.6619718309859155
Evaluation Report:              precision    recall  f1-score   support

           1       0.75      1.00      0.86         3
           2       0.60      1.00      0.75         3
           3       0.75      1.00      0.86         3
           4       1.00      1.00      1.00         3
           9       1.00      1.00      1.00         3
          12       1.00      0.67      0.80         3
          14       1.00      0.67      0.80         3
          19       0.50      0.75      0.60         4
          24       0.67      0.67      0.67         3
          25       1.00      0.67      0.80         3
          26       0.00      0.00      0.00         3
          27       0.00      0.00      0.00         3
          28       0.00      0.00      0.00         3
          29       0.00      0.00      0.00         3
          30       1.00      0.67      0.80         3
          32       0.00      0.00      0.00         3
          34       0.00      0.00      0.00         1
          62       0.33      0.33      0.33         3
          63       0.60      1.00      0.75         3
          64       1.00      1.00      1.00         3
          65       0.38      1.00      0.55         3
          66       0.60      1.00      0.75         3
          77       0.43      1.00      0.60         3
          78       1.00      1.00      1.00         3

    accuracy                           0.66        71
   macro avg       0.57      0.64      0.58        71
weighted avg       0.58      0.66      0.60        71

============= HM =============
Testing the trained model:
Confusion Matrix:
[[2 0 0 0 0 0 0 0 0 0 0 0 0 0 0 0 0 0 0 0 0 0 0 1]
 [0 0 0 1 0 0 0 0 0 0 0 0 0 0 0 0 0 0 0 0 1 1 0 0]
 [0 0 1 0 0 0 0 0 0 0 0 0 0 0 0 0 0 0 0 0 0 1 1 0]
 [0 0 0 1 0 0 0 0 0 0 0 0 0 0 0 0 0 0 1 0 0 0 1 0]
 [0 0 0 0 3 0 0 0 0 0 0 0 0 0 0 0 0 0 0 0 0 0 0 0]
 [0 0 0 0 0 2 0 0 0 0 0 0 0 0 0 0 0 0 0 0 1 0 0 0]
 [0 0 0 0 0 0 0 0 0 0 0 0 0 0 0 0 0 0 1 0 0 1 1 0]
 [0 0 0 0 0 0 0 2 0 0 0 0 0 0 0 0 0 0 1 0 0 0 1 0]
 [0 0 0 0 0 0 0 0 2 0 0 0 0 0 0 0 0 0 1 0 0 0 0 0]
 [0 0 0 0 0 0 0 0 0 0 0 0 0 0 0 0 0 0 3 0 0 0 0 0]
 [0 0 0 0 0 0 0 0 0 0 0 0 0 0 0 0 0 0 0 0 0 0 1 0]
 [0 0 0 0 0 0 0 0 1 0 0 0 0 0 0 0 0 0 1 0 0 0 0 0]
 [0 0 0 0 0 0 0 0 0 0 0 0 0 0 0 0 0 0 0 0 1 0 0 0]
 [0 0 1 1 0 0 0 0 0 0 0 0 0 0 0 0 0 0 1 0 0 0 0 0]
 [0 0 0 0 0 0 0 0 0 0 0 0 0 0 0 0 0 0 3 0 0 0 0 0]
 [0 0 0 0 0 0 0 0 0 0 0 0 0 0 0 0 0 0 2 0 0 0 1 0]
 [0 0 0 0 0 0 0 0 0 0 0 0 0 0 0 0 0 0 1 0 0 0 0 2]
 [0 0 0 0 0 0 0 0 0 0 0 0 0 0 0 0 0 1 2 0 0 0 0 0]
 [0 0 0 0 0 0 0 0 0 0 0 0 0 0 0 0 0 0 3 0 0 0 0 0]
 [0 0 0 0 0 0 1 0 0 0 0 0 0 0 0 0 0 0 2 0 0 0 0 0]
 [0 0 0 0 1 0 0 0 0 0 0 0 0 0 0 0 0 0 0 0 2 0 0 0]
 [0 0 0 0 0 0 0 0 0 0 0 0 0 0 0 0 0 0 0 0 1 1 1 0]
 [0 0 0 0 0 0 1 0 0 0 0 0 0 0 0 0 0 0 0 0 0 0 2 0]
 [0 0 0 0 0 0 1 0 0 0 0 0 0 0 0 0 0 0 2 0 0 0 0 0]]
Accuracy: 0.3235294117647059
Evaluation Report:              precision    recall  f1-score   support

           1       1.00      0.67      0.80         3
           2       0.00      0.00      0.00         3
           3       0.50      0.33      0.40         3
           4       0.33      0.33      0.33         3
           9       0.75      1.00      0.86         3
          12       1.00      0.67      0.80         3
          14       0.00      0.00      0.00         3
          19       1.00      0.50      0.67         4
          24       0.67      0.67      0.67         3
          25       0.00      0.00      0.00         3
          26       0.00      0.00      0.00         1
          28       0.00      0.00      0.00         2
          29       0.00      0.00      0.00         1
          32       0.00      0.00      0.00         3
          33       0.00      0.00      0.00         3
          35       0.00      0.00      0.00         3
          36       0.00      0.00      0.00         3
          62       1.00      0.33      0.50         3
          63       0.12      1.00      0.22         3
          64       0.00      0.00      0.00         3
          65       0.33      0.67      0.44         3
          66       0.25      0.33      0.29         3
          77       0.22      0.67      0.33         3
          78       0.00      0.00      0.00         3

    accuracy                           0.32        68
   macro avg       0.30      0.30      0.26        68
weighted avg       0.33      0.32      0.29        68

