====================================
Solver: adam - Activation: relu - hidden layer sizes (64, 64, 64)
Accuracy Model: 0.9172413793103448
============= Model =============
Testing the trained model:
Confusion Matrix:
[[21  0  0  0  0  0  0  0  0  0  0  0  0  0  0  0  0  0  0  0  0  0  0  0
   0  0  0  0  0  0]
 [ 0 19  0  1  0  0  0  0  0  0  0  0  0  0  0  0  0  0  0  1  0  0  0  0
   0  0  0  0  0  0]
 [ 0  0 20  0  0  0  0  0  0  0  0  0  0  0  0  0  0  0  0  0  1  0  0  0
   0  0  0  1  0  0]
 [ 0  0  0 19  0  0  0  0  0  0  0  1  0  0  0  0  0  0  0  0  0  0  0  0
   0  0  0  0  0  0]
 [ 0  0  0  0  0  0  1  0  0  0  0  0  0  0  0  0  0  0  0  0  0  0  0  0
   0  0  0  0  0  0]
 [ 0  0  0  0  0  1  0  0  0  0  0  0  0  0  0  0  0  0  0  0  0  0  0  0
   0  0  0  0  0  0]
 [ 0  0  0  0  0  0 18  0  0  0  0  0  0  0  0  0  0  0  1  0  0  0  0  0
   0  0  0  0  0  1]
 [ 0  0  0  0  0  0  0 20  0  0  0  1  0  0  0  0  0  0  0  0  0  0  0  0
   0  0  0  0  0  0]
 [ 0  0  0  0  0  0  0  0 21  0  0  0  0  0  0  0  0  0  0  0  0  0  0  0
   0  0  0  0  0  0]
 [ 0  0  0  0  0  0  0  0  0 21  0  0  0  0  0  0  0  0  0  0  0  0  0  0
   0  0  0  0  0  0]
 [ 0  0  0  0  0  0  0  0  0  0 19  0  0  0  0  0  0  0  0  0  0  0  0  0
   0  0  0  0  0  0]
 [ 0  0  0  0  0  0  0  0  0  0  0 20  0  0  0  0  0  0  0  0  0  0  0  0
   0  0  0  0  0  0]
 [ 0  0  0  0  0  0  0  0  0  0  0  0  5  0  0  0  0  0  0  0  0  0  0  0
   1  0  0  0  0  0]
 [ 0  0  0  0  0  0  0  0  0  0  0  0  0  5  0  0  0  0  0  0  0  0  0  1
   0  0  0  0  0  0]
 [ 0  0  0  0  0  0  0  0  0  0  0  0  0  0  6  0  1  0  0  0  1  0  0  0
   0  0  0  0  0  0]
 [ 0  0  0  0  0  0  0  0  0  0  0  0  0  0  0  6  0  0  0  0  0  0  0  0
   0  0  0  0  0  0]
 [ 0  0  0  0  0  0  0  0  0  0  0  0  0  0  0  0 15  0  0  1  0  0  0  0
   0  0  1  0  0  0]
 [ 0  0  0  0  0  0  0  0  0  0  0  0  0  0  0  0  0  5  0  0  1  0  0  0
   0  0  0  1  0  0]
 [ 0  0  0  0  0  0  0  0  0  0  0  0  0  0  0  0  0  0  9  0  0  0  0  0
   0  0  0  0  0  0]
 [ 0  1  0  0  0  0  0  0  1  0  0  0  0  0  0  0  0  0  0  7  0  0  0  1
   0  0  0  0  0  0]
 [ 0  0  0  0  0  0  0  0  0  0  0  0  0  0  0  0  0  0  0  0  8  0  0  0
   0  0  0  0  2  1]
 [ 0  0  0  0  0  0  0  0  0  0  0  0  0  0  0  1  0  0  0  0  0  6  0  0
   0  0  0  0  0  0]
 [ 0  0  0  0  0  0  0  0  0  0  0  0  0  0  0  0  1  0  0  0  0  0  0  0
   0  0  0  0  0  0]
 [ 0  0  0  0  0  0  0  0  0  0  0  0  0  0  0  0  0  0  0  0  0  0  0 14
   0  0  0  0  0  0]
 [ 0  0  0  0  0  0  0  0  0  0  0  1  0  0  0  0  0  0  0  0  1  0  0  0
  19  0  0  0  0  0]
 [ 0  0  0  0  0  0  0  0  0  0  0  0  0  0  0  0  0  1  0  0  2  0  0  0
   0 18  0  0  0  0]
 [ 0  0  0  1  0  0  0  0  0  0  0  0  0  0  0  0  0  0  0  0  1  0  0  0
   0  0 18  1  0  0]
 [ 0  0  0  0  0  0  0  0  0  0  0  0  0  0  0  0  0  0  0  0  0  0  0  0
   0  0  1 19  0  0]
 [ 0  0  0  0  0  0  0  0  0  0  0  0  0  0  0  0  0  0  0  0  0  0  0  0
   0  1  0  0 20  0]
 [ 0  0  0  0  0  0  0  0  0  0  0  0  0  0  0  0  0  0  0  0  0  0  0  0
   0  0  0  1  0 20]]
Accuracy: 0.9172413793103448
Evaluation Report:              precision    recall  f1-score   support

           1       1.00      1.00      1.00        21
           2       0.95      0.90      0.93        21
           3       1.00      0.91      0.95        22
           4       0.90      0.95      0.93        20
           5       0.00      0.00      0.00         1
           7       1.00      1.00      1.00         1
           9       0.95      0.90      0.92        20
          12       1.00      0.95      0.98        21
          14       0.95      1.00      0.98        21
          19       1.00      1.00      1.00        21
          24       1.00      1.00      1.00        19
          25       0.87      1.00      0.93        20
          26       1.00      0.83      0.91         6
          27       1.00      0.83      0.91         6
          28       1.00      0.75      0.86         8
          29       0.86      1.00      0.92         6
          30       0.88      0.88      0.88        17
          32       0.83      0.71      0.77         7
          33       0.90      1.00      0.95         9
          34       0.78      0.70      0.74        10
          35       0.53      0.73      0.62        11
          36       1.00      0.86      0.92         7
          48       0.00      0.00      0.00         1
          62       0.88      1.00      0.93        14
          63       0.95      0.90      0.93        21
          64       0.95      0.86      0.90        21
          65       0.90      0.86      0.88        21
          66       0.83      0.95      0.88        20
          77       0.91      0.95      0.93        21
          78       0.91      0.95      0.93        21

    accuracy                           0.92       435
   macro avg       0.86      0.85      0.85       435
weighted avg       0.92      0.92      0.92       435

============= WM =============
Testing the trained model:
Confusion Matrix:
[[3 0 0 0 0 0 0 0 0 0 0 0 0 0 0 0 0 0 0 0 0 0 0 0 0]
 [0 3 0 0 0 0 0 0 0 0 0 0 0 0 0 0 0 0 0 0 0 0 0 0 0]
 [0 0 3 0 0 0 0 0 0 0 0 0 0 0 0 0 0 0 0 0 0 0 0 0 0]
 [0 0 0 3 0 0 0 0 0 0 0 0 0 0 0 0 0 0 0 0 0 0 0 0 0]
 [0 0 0 0 3 0 0 0 0 0 0 0 0 0 0 0 0 0 0 0 0 0 0 0 0]
 [0 0 0 0 0 3 0 0 0 0 0 0 0 0 0 0 0 0 0 0 0 0 0 0 0]
 [0 0 0 0 0 0 3 0 0 0 0 0 0 0 0 0 0 0 0 0 0 0 0 0 0]
 [0 0 0 0 0 0 0 2 0 0 0 0 0 0 0 0 0 0 0 0 0 1 0 0 0]
 [0 0 0 0 0 0 0 0 0 0 0 0 0 0 0 0 0 0 0 0 0 0 0 0 0]
 [0 0 0 0 0 0 0 0 0 2 0 0 0 0 0 0 0 0 0 0 0 0 0 0 0]
 [1 0 0 0 0 0 0 0 0 0 1 0 0 0 0 0 0 1 0 0 0 0 0 0 0]
 [0 0 0 0 0 0 0 0 0 0 0 1 0 0 0 0 0 0 0 0 0 0 0 0 0]
 [0 0 0 0 0 0 0 0 1 0 0 0 0 0 1 0 0 0 0 0 0 0 0 0 0]
 [0 0 0 0 0 0 0 0 0 0 0 0 0 1 0 0 0 0 0 0 0 0 0 0 0]
 [0 0 0 0 0 0 0 0 0 0 0 0 0 0 1 0 0 0 0 0 0 0 0 0 0]
 [1 0 0 0 0 0 0 0 0 0 0 0 0 0 0 0 0 0 0 0 0 0 0 0 0]
 [0 0 0 0 0 1 0 0 0 0 0 0 0 0 0 0 0 0 0 0 0 0 0 0 0]
 [0 0 0 0 0 0 0 0 0 0 0 0 0 0 0 0 0 0 0 0 0 0 0 0 0]
 [0 0 0 0 0 0 0 0 0 0 0 0 0 0 0 0 0 0 3 0 0 0 0 0 0]
 [0 0 0 0 0 0 0 0 0 0 0 0 0 0 0 0 0 0 0 3 0 0 0 0 0]
 [0 0 0 0 0 0 0 0 0 0 0 0 0 0 0 0 0 0 0 0 3 0 0 0 0]
 [0 0 0 0 0 0 0 0 0 0 0 0 0 0 0 0 0 0 0 0 0 3 0 0 0]
 [0 0 0 0 0 0 0 0 0 0 0 0 0 0 0 0 0 0 0 0 0 0 3 0 0]
 [0 0 0 0 0 0 0 0 0 0 0 0 0 0 0 0 0 1 0 0 0 0 0 1 1]
 [0 0 0 0 0 0 0 0 0 0 0 0 0 0 0 0 0 0 0 0 0 0 0 0 3]]
Accuracy: 0.8421052631578947
Evaluation Report:              precision    recall  f1-score   support

           1       0.60      1.00      0.75         3
           2       1.00      1.00      1.00         3
           3       1.00      1.00      1.00         3
           4       1.00      1.00      1.00         3
           9       1.00      1.00      1.00         3
          12       0.75      1.00      0.86         3
          14       1.00      1.00      1.00         3
          19       1.00      0.67      0.80         3
          24       0.00      0.00      0.00         0
          25       1.00      1.00      1.00         2
          26       1.00      0.33      0.50         3
          27       1.00      1.00      1.00         1
          28       0.00      0.00      0.00         2
          29       1.00      1.00      1.00         1
          30       0.50      1.00      0.67         1
          32       0.00      0.00      0.00         1
          33       0.00      0.00      0.00         1
          35       0.00      0.00      0.00         0
          62       1.00      1.00      1.00         3
          63       1.00      1.00      1.00         3
          64       1.00      1.00      1.00         3
          65       0.75      1.00      0.86         3
          66       1.00      1.00      1.00         3
          77       1.00      0.33      0.50         3
          78       0.75      1.00      0.86         3

    accuracy                           0.84        57
   macro avg       0.73      0.73      0.71        57
weighted avg       0.86      0.84      0.83        57

============= MM =============
Testing the trained model:
Confusion Matrix:
[[3 0 0 0 0 0 0 0 0 0 0 0 0 0 0 0 0 0 0 0 0 0 0 0 0]
 [0 3 0 0 0 0 0 0 0 0 0 0 0 0 0 0 0 0 0 0 0 0 0 0 0]
 [0 0 3 0 0 0 0 0 0 0 0 0 0 0 0 0 0 0 0 0 0 0 0 0 0]
 [0 0 0 2 0 0 0 0 0 0 0 0 0 0 0 0 0 0 0 0 0 1 0 0 0]
 [0 0 0 0 3 0 0 0 0 0 0 0 0 0 0 0 0 0 0 0 0 0 0 0 0]
 [0 0 0 0 0 2 0 0 0 0 0 0 0 0 0 0 0 1 0 0 0 0 0 0 0]
 [0 0 0 0 0 0 2 0 0 0 0 0 0 0 0 0 0 0 1 0 0 0 0 0 0]
 [0 0 0 0 0 0 0 4 0 0 0 0 0 0 0 0 0 0 0 0 0 0 0 0 0]
 [0 0 0 0 0 0 0 0 3 0 0 0 0 0 0 0 0 0 0 0 0 0 0 0 0]
 [0 0 0 1 0 0 0 0 0 2 0 0 0 0 0 0 0 0 0 0 0 0 0 0 0]
 [1 0 0 0 0 0 0 0 1 0 0 0 0 0 0 0 0 0 0 0 0 0 1 0 0]
 [0 0 0 0 0 0 0 0 0 0 0 2 0 0 0 1 0 0 0 0 0 0 0 0 0]
 [0 0 0 0 0 0 0 0 0 0 0 0 2 0 0 0 0 0 0 0 0 1 0 0 0]
 [1 0 0 0 0 0 1 0 0 0 0 0 0 0 0 1 0 0 0 0 0 0 0 0 0]
 [0 0 0 0 0 0 0 0 0 0 0 0 0 0 3 0 0 0 0 0 0 0 0 0 0]
 [1 0 0 0 0 0 0 0 0 0 0 0 0 0 0 2 0 0 0 0 0 0 0 0 0]
 [0 0 0 0 0 0 0 0 0 0 0 0 0 0 0 0 1 0 0 0 0 0 0 0 0]
 [0 0 0 0 0 0 0 0 0 0 0 0 0 0 0 0 0 0 0 0 0 0 0 0 0]
 [1 0 0 0 0 0 0 0 0 0 0 0 0 0 0 0 0 0 2 0 0 0 0 0 0]
 [0 0 0 0 0 0 0 0 0 0 0 0 0 0 0 0 0 0 0 3 0 0 0 0 0]
 [0 0 0 0 0 0 0 0 0 0 0 0 0 0 1 0 0 0 0 0 2 0 0 0 0]
 [0 0 0 0 0 0 0 0 0 0 0 0 0 0 0 0 0 0 0 0 0 3 0 0 0]
 [0 0 0 0 0 0 0 0 0 0 0 0 0 0 0 0 0 0 0 0 0 0 3 0 0]
 [0 0 0 0 0 0 0 0 0 0 0 0 0 0 0 0 0 0 0 0 0 0 0 3 0]
 [0 0 0 0 0 0 0 0 0 0 0 0 0 0 0 0 0 0 0 0 0 0 0 0 3]]
Accuracy: 0.7887323943661971
Evaluation Report:              precision    recall  f1-score   support

           1       0.43      1.00      0.60         3
           2       1.00      1.00      1.00         3
           3       1.00      1.00      1.00         3
           4       0.67      0.67      0.67         3
           9       1.00      1.00      1.00         3
          12       1.00      0.67      0.80         3
          14       0.67      0.67      0.67         3
          19       1.00      1.00      1.00         4
          24       0.75      1.00      0.86         3
          25       1.00      0.67      0.80         3
          26       0.00      0.00      0.00         3
          27       1.00      0.67      0.80         3
          28       1.00      0.67      0.80         3
          29       0.00      0.00      0.00         3
          30       0.75      1.00      0.86         3
          32       0.50      0.67      0.57         3
          34       1.00      1.00      1.00         1
          35       0.00      0.00      0.00         0
          62       0.67      0.67      0.67         3
          63       1.00      1.00      1.00         3
          64       1.00      0.67      0.80         3
          65       0.60      1.00      0.75         3
          66       0.75      1.00      0.86         3
          77       1.00      1.00      1.00         3
          78       1.00      1.00      1.00         3

    accuracy                           0.79        71
   macro avg       0.75      0.76      0.74        71
weighted avg       0.78      0.79      0.77        71

============= HM =============
Testing the trained model:
Confusion Matrix:
[[1 0 0 0 0 1 0 0 0 0 0 0 0 0 0 0 1 0 0 0 0 0 0 0]
 [0 2 0 0 0 0 0 0 0 0 0 0 0 0 0 1 0 0 0 0 0 0 0 0]
 [0 0 2 0 0 0 0 0 0 0 0 0 0 1 0 0 0 0 0 0 0 0 0 0]
 [0 0 0 3 0 0 0 0 0 0 0 0 0 0 0 0 0 0 0 0 0 0 0 0]
 [0 0 0 0 3 0 0 0 0 0 0 0 0 0 0 0 0 0 0 0 0 0 0 0]
 [0 0 0 0 0 2 0 0 0 0 0 0 0 0 0 0 0 0 0 0 0 1 0 0]
 [0 0 0 0 0 0 2 0 0 0 0 0 0 0 0 1 0 0 0 0 0 0 0 0]
 [0 0 0 0 0 0 0 2 0 0 0 0 0 0 0 0 0 0 1 0 0 0 0 1]
 [0 0 0 0 0 0 0 0 2 0 0 0 0 0 0 0 0 0 1 0 0 0 0 0]
 [0 0 0 1 0 0 0 0 0 0 0 0 0 1 0 0 0 0 1 0 0 0 0 0]
 [0 0 0 0 0 0 0 0 0 0 1 0 0 0 0 0 0 0 0 0 0 0 0 0]
 [0 0 0 0 0 0 0 0 0 0 0 0 0 0 0 0 0 0 2 0 0 0 0 0]
 [0 0 0 0 0 0 0 0 0 0 0 0 0 0 0 1 0 0 0 0 0 0 0 0]
 [0 0 0 0 0 0 0 0 0 0 0 0 1 0 1 0 0 1 0 0 0 0 0 0]
 [0 0 0 0 0 0 0 0 0 0 0 0 0 1 2 0 0 0 0 0 0 0 0 0]
 [0 0 0 0 0 0 0 0 0 0 0 0 0 0 0 2 0 0 0 0 0 0 1 0]
 [0 0 0 0 0 0 0 0 0 0 0 0 0 0 0 1 1 0 0 0 0 1 0 0]
 [0 0 0 0 0 0 0 0 0 0 0 0 0 0 0 0 0 0 0 0 1 2 0 0]
 [0 0 0 0 0 0 0 0 0 0 0 0 0 0 0 0 0 0 2 0 1 0 0 0]
 [0 0 0 0 0 0 0 0 0 0 0 0 0 0 0 1 0 0 0 2 0 0 0 0]
 [0 0 0 0 0 0 0 0 0 0 0 0 0 0 0 0 0 0 0 0 3 0 0 0]
 [0 0 0 0 0 0 0 0 0 0 0 0 0 0 0 0 0 0 0 0 0 3 0 0]
 [0 0 0 0 0 0 0 0 0 0 0 0 0 0 0 1 0 0 0 0 0 0 2 0]
 [0 0 0 0 0 0 0 0 0 0 0 0 0 0 0 1 1 0 0 0 1 0 0 0]]
Accuracy: 0.5441176470588235
Evaluation Report:              precision    recall  f1-score   support

           1       1.00      0.33      0.50         3
           2       1.00      0.67      0.80         3
           3       1.00      0.67      0.80         3
           4       0.75      1.00      0.86         3
           9       1.00      1.00      1.00         3
          12       0.67      0.67      0.67         3
          14       1.00      0.67      0.80         3
          19       1.00      0.50      0.67         4
          24       1.00      0.67      0.80         3
          25       0.00      0.00      0.00         3
          26       1.00      1.00      1.00         1
          28       0.00      0.00      0.00         2
          29       0.00      0.00      0.00         1
          32       0.00      0.00      0.00         3
          33       0.67      0.67      0.67         3
          35       0.22      0.67      0.33         3
          36       0.33      0.33      0.33         3
          62       0.00      0.00      0.00         3
          63       0.29      0.67      0.40         3
          64       1.00      0.67      0.80         3
          65       0.50      1.00      0.67         3
          66       0.43      1.00      0.60         3
          77       0.67      0.67      0.67         3
          78       0.00      0.00      0.00         3

    accuracy                           0.54        68
   macro avg       0.56      0.53      0.51        68
weighted avg       0.58      0.54      0.53        68

