============= Model =============
Testing the trained model:
Confusion Matrix:
[[28  0  0  0  0 12  0  0  0  0  0  0  0  0  0]
 [17  0  0  2  0 15  0  0  0  0  0  0  1  0  0]
 [16  0  5  1  0  2  0  0  0  0  0  0  4  1  1]
 [ 8  0  0  2  0 27  0  0  0  0  0  0  0  0  0]
 [ 8  1  0  2  0 24  0  0  0  0  0  0  0  0  0]
 [17  0  0  1  0 22  0  0  0  0  0  0  0  0  0]
 [10  0  0  0  0 25  0  0  0  0  0  0  0  0  0]
 [ 5  0  2  0  0 13  0  0  0  0  0  0  8  1  0]
 [14  0  1  0  0 16  0  0  0  0  0  0  0  0  0]
 [23  0  0  0  0  9  0  0  0  0  0  0  1  0  2]
 [ 6  0  0  0  0 18  0  0  0  0  0  0  2  5  4]
 [24  0  0  5  0  6  0  0  0  0  0  0  0  0  0]
 [ 1  0  0  1  0  5  0  0  0  0  0  0 25  0  3]
 [ 0  0  0  0  0  2  0  0  0  0  0  0  1 31  1]
 [ 1  0  0  0  0  3  0  0  0  0  0  0  0  0 31]]
Accuracy: 0.27586206896551724
Evaluation Report:              precision    recall  f1-score   support

           1       0.16      0.70      0.26        40
           2       0.00      0.00      0.00        35
           3       0.62      0.17      0.26        30
           4       0.14      0.05      0.08        37
           5       0.00      0.00      0.00        35
          13       0.11      0.55      0.18        40
          21       0.00      0.00      0.00        35
          23       0.00      0.00      0.00        29
          24       0.00      0.00      0.00        31
          28       0.00      0.00      0.00        35
          30       0.00      0.00      0.00        35
          31       0.00      0.00      0.00        35
          40       0.60      0.71      0.65        35
          41       0.82      0.89      0.85        35
          42       0.74      0.89      0.81        35

    accuracy                           0.28       522
   macro avg       0.21      0.26      0.21       522
weighted avg       0.21      0.28      0.21       522

============= WM =============
Testing the trained model:
Confusion Matrix:
[[4 0 0 0 0 1 0 0 0 0 0 0 0]
 [5 0 0 1 0 0 0 0 0 0 0 0 0]
 [6 0 3 0 0 0 0 0 0 0 0 0 1]
 [2 0 0 0 0 5 0 0 0 0 0 0 0]
 [3 0 0 0 0 7 0 0 0 0 0 0 0]
 [1 0 0 0 0 2 0 0 0 0 0 0 0]
 [3 0 0 0 0 0 0 0 0 0 0 0 0]
 [0 0 0 0 0 0 0 0 0 0 0 1 0]
 [1 0 0 0 0 0 0 0 0 0 0 0 1]
 [2 0 0 0 0 0 0 0 0 0 0 2 0]
 [3 0 0 0 0 0 0 0 0 0 0 0 0]
 [0 0 0 0 0 0 0 0 0 0 0 0 0]
 [0 0 0 0 0 0 0 0 0 0 0 0 0]]
Accuracy: 0.16666666666666666
Evaluation Report:              precision    recall  f1-score   support

           1       0.13      0.80      0.23         5
           2       0.00      0.00      0.00         6
           3       1.00      0.30      0.46        10
           4       0.00      0.00      0.00         7
           5       0.00      0.00      0.00        10
          13       0.13      0.67      0.22         3
          21       0.00      0.00      0.00         3
          24       0.00      0.00      0.00         1
          28       0.00      0.00      0.00         2
          30       0.00      0.00      0.00         4
          31       0.00      0.00      0.00         3
          41       0.00      0.00      0.00         0
          42       0.00      0.00      0.00         0

    accuracy                           0.17        54
   macro avg       0.10      0.14      0.07        54
weighted avg       0.20      0.17      0.12        54

============= MM =============
Testing the trained model:
Confusion Matrix:
[[3 0 0 0 0 2 0 0 0 0 0 0]
 [4 0 0 0 0 6 0 0 0 0 0 0]
 [3 0 0 1 0 1 0 0 0 0 2 3]
 [2 0 0 0 0 4 0 0 0 0 0 0]
 [5 0 0 0 0 5 0 0 0 0 0 0]
 [1 0 0 2 0 5 0 0 0 0 0 0]
 [3 0 0 0 0 7 0 0 0 0 0 0]
 [1 0 0 0 0 1 0 0 0 0 0 0]
 [1 0 0 0 0 2 0 0 0 0 0 1]
 [4 0 0 1 0 1 0 0 0 0 0 0]
 [0 0 0 0 0 0 0 0 0 0 0 0]
 [0 0 0 0 0 0 0 0 0 0 0 0]]
Accuracy: 0.11267605633802817
Evaluation Report:              precision    recall  f1-score   support

           1       0.11      0.60      0.19         5
           2       0.00      0.00      0.00        10
           3       0.00      0.00      0.00        10
           4       0.00      0.00      0.00         6
           5       0.00      0.00      0.00        10
          13       0.15      0.62      0.24         8
          21       0.00      0.00      0.00        10
          28       0.00      0.00      0.00         2
          30       0.00      0.00      0.00         4
          31       0.00      0.00      0.00         6
          40       0.00      0.00      0.00         0
          42       0.00      0.00      0.00         0

    accuracy                           0.11        71
   macro avg       0.02      0.10      0.04        71
weighted avg       0.02      0.11      0.04        71

============= HM =============
Testing the trained model:
Confusion Matrix:
[[2 0 0 0 0 3 0 0 0 0 0]
 [3 0 0 0 0 7 0 0 0 0 0]
 [2 0 0 2 0 4 0 0 0 2 0]
 [0 0 0 1 0 9 0 0 0 0 0]
 [1 0 0 1 0 8 0 0 0 0 0]
 [2 0 0 0 0 5 0 0 0 1 0]
 [2 0 0 0 0 6 0 0 0 1 1]
 [2 0 0 0 0 2 0 0 0 0 0]
 [0 0 0 0 0 4 0 0 0 0 0]
 [0 0 0 0 0 0 0 0 0 0 0]
 [0 0 0 0 0 0 0 0 0 0 0]]
Accuracy: 0.11267605633802817
Evaluation Report:              precision    recall  f1-score   support

           1       0.14      0.40      0.21         5
           2       0.00      0.00      0.00        10
           3       0.00      0.00      0.00        10
           4       0.25      0.10      0.14        10
           5       0.00      0.00      0.00        10
          13       0.10      0.62      0.18         8
          21       0.00      0.00      0.00        10
          28       0.00      0.00      0.00         4
          30       0.00      0.00      0.00         4
          40       0.00      0.00      0.00         0
          42       0.00      0.00      0.00         0

    accuracy                           0.11        71
   macro avg       0.05      0.10      0.05        71
weighted avg       0.06      0.11      0.06        71

