====================================
Solver: adam - Activation: relu - hidden layer sizes (64, 64, 64)
Accuracy Model: 0.6298850574712643
============= Model =============
Testing the trained model:
Confusion Matrix:
[[20  0  0  0  0  0  0  0  0  0  0  0  0  0  0  0  0  0  0  0  0  0  0  0
   0  0  0  0  1  0]
 [ 0 13  0  2  0  0  0  0  0  0  0  1  0  0  0  0  0  0  2  0  0  0  0  0
   1  0  0  0  1  1]
 [ 0  0 20  0  0  0  0  0  0  0  0  0  0  0  0  0  0  0  0  0  0  0  0  0
   2  0  0  0  0  0]
 [ 0  2  0 15  0  0  0  0  0  1  0  0  0  0  0  0  0  0  0  0  0  0  0  0
   2  0  0  0  0  0]
 [ 0  1  0  0  0  0  0  0  0  0  0  0  0  0  0  0  0  0  0  0  0  0  0  0
   0  0  0  0  0  0]
 [ 0  0  0  1  0  0  0  0  0  0  0  0  0  0  0  0  0  0  0  0  0  0  0  0
   0  0  0  0  0  0]
 [ 0  0  0  0  0  0 17  0  0  0  0  0  0  0  0  0  0  0  1  0  0  0  0  0
   0  1  0  0  0  1]
 [ 0  1  0  0  0  0  0 19  0  0  0  0  0  0  0  0  0  0  1  0  0  0  0  0
   0  0  0  0  0  0]
 [ 0  2  0  0  0  0  0  0 15  0  0  0  0  0  0  0  0  0  0  0  0  0  0  0
   2  1  0  1  0  0]
 [ 0  0  0  0  0  0  0  0  0 16  0  0  0  0  0  0  0  0  0  0  1  0  0  0
   1  0  1  0  2  0]
 [ 0  0  1  0  0  0  0  0  0  0 16  1  0  0  0  0  1  0  0  0  0  0  0  0
   0  0  0  0  0  0]
 [ 0  0  0  0  0  0  0  0  0  0  2 16  0  0  0  0  0  0  0  0  0  0  0  0
   1  0  0  1  0  0]
 [ 0  0  0  0  0  0  0  0  0  0  1  0  0  0  0  0  0  0  0  0  1  0  0  0
   1  0  0  0  3  0]
 [ 0  0  0  1  0  0  0  0  0  0  0  0  0  0  0  0  0  0  0  0  0  0  0  0
   2  0  0  2  0  1]
 [ 0  0  0  2  0  0  0  0  0  0  4  0  0  0  0  0  1  0  1  0  0  0  0  0
   0  0  0  0  0  0]
 [ 0  0  0  0  0  0  0  0  0  0  1  0  0  0  0  0  0  0  0  0  0  0  0  0
   0  0  2  0  2  1]
 [ 0  0  1  0  0  0  0  0  0  0  0  0  0  0  0  0 10  0  0  0  0  0  0  0
   5  0  0  0  1  0]
 [ 0  1  0  0  0  0  0  0  0  0  0  0  0  0  0  0  0  0  0  0  0  0  0  1
   4  0  0  0  1  0]
 [ 0  0  1  1  0  0  1  0  0  0  0  0  0  0  0  0  0  0  1  0  0  0  0  0
   1  1  0  0  0  3]
 [ 0  0  0  1  0  0  0  3  0  0  0  0  0  0  0  0  0  0  1  1  0  0  0  0
   3  0  0  0  1  0]
 [ 0  0  0  0  0  0  0  0  0  0  0  0  0  0  0  0  0  0  0  0  3  1  0  0
   3  0  0  0  4  0]
 [ 2  0  1  0  0  0  0  0  0  0  0  0  0  0  0  0  0  0  0  0  0  0  0  0
   3  0  0  0  1  0]
 [ 0  0  0  0  0  0  0  0  0  0  0  0  0  0  0  0  0  0  0  0  0  0  0  0
   0  0  0  0  0  1]
 [ 0  1  0  0  0  0  0  0  0  0  0  0  0  0  0  0  0  0  1  0  0  0  0  9
   2  0  1  0  0  0]
 [ 0  0  0  0  0  0  0  0  0  0  0  0  0  0  0  0  0  0  0  0  0  0  0  0
  20  0  0  0  0  1]
 [ 0  1  1  0  0  0  0  0  0  0  0  1  0  0  0  0  0  0  1  0  0  0  0  0
   2 15  0  0  0  0]
 [ 0  0  0  2  0  0  0  0  0  1  0  0  0  0  0  0  1  0  0  0  0  0  0  0
   6  0 11  0  0  0]
 [ 0  4  1  1  0  0  1  0  1  0  1  0  0  0  0  0  0  0  0  0  0  0  0  0
   3  0  0  6  0  2]
 [ 0  0  1  0  0  0  0  0  0  0  0  0  0  0  0  0  0  0  0  0  0  0  0  0
   0  0  0  2 18  0]
 [ 0  1  1  0  0  0  0  0  0  0  0  0  0  0  0  0  0  0  1  0  0  0  0  0
   4  0  0  0  1 13]]
Accuracy: 0.6298850574712643
Evaluation Report:              precision    recall  f1-score   support

           1       0.91      0.95      0.93        21
           2       0.48      0.62      0.54        21
           3       0.71      0.91      0.80        22
           4       0.58      0.75      0.65        20
           5       0.00      0.00      0.00         1
           7       0.00      0.00      0.00         1
           9       0.89      0.85      0.87        20
          12       0.86      0.90      0.88        21
          14       0.94      0.71      0.81        21
          19       0.89      0.76      0.82        21
          24       0.64      0.84      0.73        19
          25       0.84      0.80      0.82        20
          26       0.00      0.00      0.00         6
          27       0.00      0.00      0.00         6
          28       0.00      0.00      0.00         8
          29       0.00      0.00      0.00         6
          30       0.77      0.59      0.67        17
          32       0.00      0.00      0.00         7
          33       0.10      0.11      0.11         9
          34       1.00      0.10      0.18        10
          35       0.60      0.27      0.38        11
          36       0.00      0.00      0.00         7
          48       0.00      0.00      0.00         1
          62       0.90      0.64      0.75        14
          63       0.29      0.95      0.45        21
          64       0.83      0.71      0.77        21
          65       0.73      0.52      0.61        21
          66       0.50      0.30      0.38        20
          77       0.50      0.86      0.63        21
          78       0.54      0.62      0.58        21

    accuracy                           0.63       435
   macro avg       0.48      0.46      0.45       435
weighted avg       0.63      0.63      0.60       435

============= WM =============
Testing the trained model:
Confusion Matrix:
[[3 0 0 0 0 0 0 0 0 0 0 0 0 0 0 0 0 0 0 0 0 0 0 0]
 [0 3 0 0 0 0 0 0 0 0 0 0 0 0 0 0 0 0 0 0 0 0 0 0]
 [0 0 3 0 0 0 0 0 0 0 0 0 0 0 0 0 0 0 0 0 0 0 0 0]
 [0 0 0 3 0 0 0 0 0 0 0 0 0 0 0 0 0 0 0 0 0 0 0 0]
 [0 0 0 0 3 0 0 0 0 0 0 0 0 0 0 0 0 0 0 0 0 0 0 0]
 [0 0 0 0 0 3 0 0 0 0 0 0 0 0 0 0 0 0 0 0 0 0 0 0]
 [0 0 0 0 0 0 3 0 0 0 0 0 0 0 0 0 0 0 0 0 0 0 0 0]
 [0 0 0 0 0 0 0 2 0 0 0 0 0 0 0 0 0 0 1 0 0 0 0 0]
 [0 0 0 0 0 0 0 0 0 0 0 0 0 0 0 0 0 0 0 0 0 0 0 0]
 [0 0 0 0 0 0 0 0 1 1 0 0 0 0 0 0 0 0 0 0 0 0 0 0]
 [0 0 0 0 0 0 0 0 0 0 0 0 0 0 0 0 0 0 1 0 0 0 2 0]
 [0 0 0 0 0 0 0 0 0 0 0 0 0 0 0 0 0 0 0 0 0 0 0 1]
 [0 0 0 0 0 0 0 0 1 0 0 0 0 0 0 0 0 0 0 0 1 0 0 0]
 [0 0 0 0 0 0 0 0 1 0 0 0 0 0 0 0 0 0 0 0 0 0 0 0]
 [0 0 0 0 0 0 0 0 0 0 0 0 0 0 1 0 0 0 0 0 0 0 0 0]
 [1 0 0 0 0 0 0 0 0 0 0 0 0 0 0 0 0 0 0 0 0 0 0 0]
 [0 0 0 0 0 0 0 0 0 0 0 0 0 0 0 0 0 0 0 0 0 0 0 1]
 [0 0 0 0 0 0 0 0 0 0 0 0 0 0 0 0 0 3 0 0 0 0 0 0]
 [0 0 0 0 0 0 0 0 0 0 0 0 0 0 0 0 0 0 2 0 0 0 0 1]
 [0 0 0 0 0 0 0 0 0 0 0 0 0 0 0 0 0 0 0 3 0 0 0 0]
 [0 0 0 0 0 0 0 1 0 0 0 0 0 0 0 0 0 0 0 0 1 1 0 0]
 [0 0 0 0 0 0 0 0 0 0 0 0 0 0 0 0 0 0 0 0 0 3 0 0]
 [0 0 0 0 0 0 0 0 0 0 0 0 0 0 0 0 0 0 2 0 0 0 1 0]
 [0 0 0 0 0 0 0 0 0 0 0 0 0 0 0 0 0 0 0 0 0 0 0 3]]
Accuracy: 0.7192982456140351
Evaluation Report:              precision    recall  f1-score   support

           1       0.75      1.00      0.86         3
           2       1.00      1.00      1.00         3
           3       1.00      1.00      1.00         3
           4       1.00      1.00      1.00         3
           9       1.00      1.00      1.00         3
          12       1.00      1.00      1.00         3
          14       1.00      1.00      1.00         3
          19       0.67      0.67      0.67         3
          24       0.00      0.00      0.00         0
          25       1.00      0.50      0.67         2
          26       0.00      0.00      0.00         3
          27       0.00      0.00      0.00         1
          28       0.00      0.00      0.00         2
          29       0.00      0.00      0.00         1
          30       1.00      1.00      1.00         1
          32       0.00      0.00      0.00         1
          33       0.00      0.00      0.00         1
          62       1.00      1.00      1.00         3
          63       0.33      0.67      0.44         3
          64       1.00      1.00      1.00         3
          65       0.50      0.33      0.40         3
          66       0.75      1.00      0.86         3
          77       0.33      0.33      0.33         3
          78       0.50      1.00      0.67         3

    accuracy                           0.72        57
   macro avg       0.58      0.60      0.58        57
weighted avg       0.68      0.72      0.68        57

============= MM =============
Testing the trained model:
Confusion Matrix:
[[2 0 0 0 0 0 0 0 0 0 0 0 0 0 0 0 0 0 0 0 0 0 0 1 0]
 [0 3 0 0 0 0 0 0 0 0 0 0 0 0 0 0 0 0 0 0 0 0 0 0 0]
 [0 0 2 0 1 0 0 0 0 0 0 0 0 0 0 0 0 0 0 0 0 0 0 0 0]
 [0 0 0 2 0 0 0 1 0 0 0 0 0 0 0 0 0 0 0 0 0 0 0 0 0]
 [0 0 0 0 3 0 0 0 0 0 0 0 0 0 0 0 0 0 0 0 0 0 0 0 0]
 [0 0 0 0 0 2 0 0 0 0 0 0 0 0 0 0 0 0 0 1 0 0 0 0 0]
 [0 0 0 1 0 0 0 0 0 0 0 0 0 0 0 0 1 0 0 0 0 0 0 0 1]
 [0 0 0 0 0 0 0 2 0 0 0 0 0 0 0 0 0 0 0 0 0 2 0 0 0]
 [0 0 0 0 0 0 1 0 1 0 0 0 0 0 0 0 1 0 0 0 0 0 0 0 0]
 [0 0 0 0 0 0 0 0 0 2 0 0 0 0 0 0 0 0 0 1 0 0 0 0 0]
 [0 0 0 0 0 0 0 0 0 0 0 0 0 0 0 0 0 0 0 0 0 0 0 3 0]
 [0 0 0 2 0 0 0 0 0 0 0 0 0 0 0 0 0 0 0 1 0 0 0 0 0]
 [0 0 0 1 0 0 0 0 2 0 0 0 0 0 0 0 0 0 0 0 0 0 0 0 0]
 [0 0 0 1 0 0 0 0 0 1 0 0 0 0 0 0 0 0 0 0 1 0 0 0 0]
 [0 0 0 2 0 0 0 0 0 0 0 0 0 0 0 0 0 0 0 0 1 0 0 0 0]
 [0 2 0 0 0 0 0 0 0 1 0 0 0 0 0 0 0 0 0 0 0 0 0 0 0]
 [0 0 0 0 0 0 0 0 0 0 0 0 0 0 0 0 0 0 0 0 0 0 0 0 0]
 [0 0 0 0 0 0 0 0 0 0 0 0 0 0 0 0 0 1 0 0 0 0 0 0 0]
 [0 0 0 0 0 0 0 0 0 0 0 0 0 0 0 0 0 0 3 0 0 0 0 0 0]
 [0 0 0 0 0 0 0 0 0 0 0 0 0 0 0 0 0 0 0 3 0 0 0 0 0]
 [0 2 0 0 0 0 0 0 0 0 0 0 0 0 0 0 0 0 0 0 1 0 0 0 0]
 [0 0 0 0 0 0 0 0 0 0 0 0 0 0 0 0 0 0 0 0 0 3 0 0 0]
 [0 1 0 0 1 0 0 0 0 0 0 0 0 0 0 0 0 0 0 0 0 0 1 0 0]
 [0 0 0 0 0 0 0 0 0 0 0 0 0 0 0 0 0 0 0 0 0 0 0 3 0]
 [0 0 0 0 0 0 0 0 0 0 0 0 0 0 0 0 0 0 0 0 0 0 0 0 3]]
Accuracy: 0.5211267605633803
Evaluation Report:              precision    recall  f1-score   support

           1       1.00      0.67      0.80         3
           2       0.38      1.00      0.55         3
           3       1.00      0.67      0.80         3
           4       0.22      0.67      0.33         3
           9       0.60      1.00      0.75         3
          12       1.00      0.67      0.80         3
          14       0.00      0.00      0.00         3
          19       0.67      0.50      0.57         4
          24       0.33      0.33      0.33         3
          25       0.50      0.67      0.57         3
          26       0.00      0.00      0.00         3
          27       0.00      0.00      0.00         3
          28       0.00      0.00      0.00         3
          29       0.00      0.00      0.00         3
          30       0.00      0.00      0.00         3
          32       0.00      0.00      0.00         3
          33       0.00      0.00      0.00         0
          34       1.00      1.00      1.00         1
          62       1.00      1.00      1.00         3
          63       0.50      1.00      0.67         3
          64       0.33      0.33      0.33         3
          65       0.60      1.00      0.75         3
          66       1.00      0.33      0.50         3
          77       0.43      1.00      0.60         3
          78       0.75      1.00      0.86         3

    accuracy                           0.52        71
   macro avg       0.45      0.51      0.45        71
weighted avg       0.46      0.52      0.45        71

============= HM =============
Testing the trained model:
Confusion Matrix:
[[2 0 0 0 0 0 0 0 0 0 0 0 0 0 0 0 0 0 1 0 0 0 0 0]
 [0 1 0 0 0 0 0 0 0 0 0 0 0 0 1 0 0 0 1 0 0 0 0 0]
 [0 0 1 0 1 0 0 0 0 0 0 0 0 0 0 0 0 0 1 0 0 0 0 0]
 [0 0 0 1 0 0 0 0 0 0 0 0 0 0 1 0 0 0 1 0 0 0 0 0]
 [0 0 0 0 0 0 0 0 0 0 0 0 0 0 1 0 0 0 1 0 0 0 0 1]
 [0 0 0 0 1 2 0 0 0 0 0 0 0 0 0 0 0 0 0 0 0 0 0 0]
 [0 0 0 2 0 0 0 0 0 0 0 0 0 0 0 0 0 0 1 0 0 0 0 0]
 [0 0 0 0 0 0 0 2 0 0 0 0 0 0 0 0 0 0 1 0 0 0 1 0]
 [0 0 0 0 0 0 0 0 1 0 0 0 0 0 0 0 0 0 1 0 0 1 0 0]
 [0 0 0 0 0 0 0 0 0 0 0 0 0 0 0 0 0 0 3 0 0 0 0 0]
 [0 0 0 0 0 0 0 0 0 0 0 0 0 0 0 0 0 0 0 0 1 0 0 0]
 [0 0 0 1 0 0 0 0 0 0 0 0 0 0 0 0 0 0 1 0 0 0 0 0]
 [0 0 0 0 0 0 0 0 0 0 0 0 0 0 0 0 0 0 1 0 0 0 0 0]
 [0 1 0 0 0 0 1 0 0 0 0 0 0 0 0 0 0 0 1 0 0 0 0 0]
 [0 0 1 0 1 0 0 0 0 0 0 0 0 0 0 0 0 0 1 0 0 0 0 0]
 [0 0 0 0 0 0 0 0 0 0 0 0 0 0 0 0 0 0 2 0 0 0 1 0]
 [0 0 0 0 0 0 0 0 0 0 0 0 0 0 0 0 0 0 1 0 0 0 2 0]
 [0 0 1 1 0 0 0 0 0 0 0 0 0 0 0 0 0 1 0 0 0 0 0 0]
 [0 0 0 0 0 0 0 0 0 0 0 0 0 0 0 0 0 0 3 0 0 0 0 0]
 [0 1 0 0 0 0 0 0 0 0 0 0 0 0 0 0 0 0 2 0 0 0 0 0]
 [0 0 0 0 0 0 0 0 0 0 0 0 0 0 0 0 0 0 3 0 0 0 0 0]
 [0 1 1 0 0 0 0 0 0 0 0 0 0 0 1 0 0 0 0 0 0 0 0 0]
 [0 0 0 0 0 0 0 0 0 0 0 0 0 0 0 0 0 0 1 0 0 0 2 0]
 [0 0 0 0 0 0 0 0 0 0 0 0 0 0 0 0 0 0 3 0 0 0 0 0]]
Accuracy: 0.23529411764705882
Evaluation Report:              precision    recall  f1-score   support

           1       1.00      0.67      0.80         3
           2       0.25      0.33      0.29         3
           3       0.25      0.33      0.29         3
           4       0.20      0.33      0.25         3
           9       0.00      0.00      0.00         3
          12       1.00      0.67      0.80         3
          14       0.00      0.00      0.00         3
          19       1.00      0.50      0.67         4
          24       1.00      0.33      0.50         3
          25       0.00      0.00      0.00         3
          26       0.00      0.00      0.00         1
          28       0.00      0.00      0.00         2
          29       0.00      0.00      0.00         1
          32       0.00      0.00      0.00         3
          33       0.00      0.00      0.00         3
          35       0.00      0.00      0.00         3
          36       0.00      0.00      0.00         3
          62       1.00      0.33      0.50         3
          63       0.10      1.00      0.18         3
          64       0.00      0.00      0.00         3
          65       0.00      0.00      0.00         3
          66       0.00      0.00      0.00         3
          77       0.33      0.67      0.44         3
          78       0.00      0.00      0.00         3

    accuracy                           0.24        68
   macro avg       0.26      0.22      0.20        68
weighted avg       0.29      0.24      0.22        68

