============= Model =============
Testing the trained model:
Confusion Matrix:
[[40  0  0  0  0  0  0  0  0  0  0  0  0  0  0]
 [ 0 35  0  0  0  0  0  0  0  0  0  0  0  0  0]
 [ 0  0 30  0  0  0  0  0  0  0  0  0  0  0  0]
 [ 0  0  0 37  0  0  0  0  0  0  0  0  0  0  0]
 [ 0  0  0  0 35  0  0  0  0  0  0  0  0  0  0]
 [ 0  0  0  0  0 40  0  0  0  0  0  0  0  0  0]
 [ 0  0  0  0  0  0 35  0  0  0  0  0  0  0  0]
 [ 0  0  0  0  0  0  0 29  0  0  0  0  0  0  0]
 [ 0  0  0  0  0  0  1  0 30  0  0  0  0  0  0]
 [ 0  0  0  0  0  0  0  0  0 35  0  0  0  0  0]
 [ 0  0  0  0  0  0  1  0  0  0 34  0  0  0  0]
 [ 0  0  0  0  0  0  0  0  0  0  0 35  0  0  0]
 [ 0  0  0  0  0  0  0  0  0  0  0  0 35  0  0]
 [ 0  0  0  0  0  0  0  0  0  0  0  0  0 35  0]
 [ 0  0  0  0  0  0  0  0  0  0  0  0  0  0 35]]
Accuracy: 0.9961685823754789
Evaluation Report:              precision    recall  f1-score   support

           1       1.00      1.00      1.00        40
           2       1.00      1.00      1.00        35
           3       1.00      1.00      1.00        30
           4       1.00      1.00      1.00        37
           5       1.00      1.00      1.00        35
          13       1.00      1.00      1.00        40
          21       0.95      1.00      0.97        35
          23       1.00      1.00      1.00        29
          24       1.00      0.97      0.98        31
          28       1.00      1.00      1.00        35
          30       1.00      0.97      0.99        35
          31       1.00      1.00      1.00        35
          40       1.00      1.00      1.00        35
          41       1.00      1.00      1.00        35
          42       1.00      1.00      1.00        35

    accuracy                           1.00       522
   macro avg       1.00      1.00      1.00       522
weighted avg       1.00      1.00      1.00       522

============= WM =============
Testing the trained model:
Confusion Matrix:
[[ 5  0  0  0  0  0  0  0  0  0  0  0]
 [ 0  6  0  0  0  0  0  0  0  0  0  0]
 [ 0  0 10  0  0  0  0  0  0  0  0  0]
 [ 0  0  0  7  0  0  0  0  0  0  0  0]
 [ 0  0  0  0 10  0  0  0  0  0  0  0]
 [ 0  1  0  0  0  2  0  0  0  0  0  0]
 [ 0  0  0  0  0  0  3  0  0  0  0  0]
 [ 0  0  0  0  0  0  0  0  0  0  0  0]
 [ 0  0  0  0  0  0  0  1  0  0  0  0]
 [ 0  0  0  0  0  0  0  0  0  2  0  0]
 [ 0  0  0  0  0  0  0  0  0  0  4  0]
 [ 0  0  0  0  0  0  0  0  0  0  0  3]]
Accuracy: 0.9629629629629629
Evaluation Report:              precision    recall  f1-score   support

           1       1.00      1.00      1.00         5
           2       0.86      1.00      0.92         6
           3       1.00      1.00      1.00        10
           4       1.00      1.00      1.00         7
           5       1.00      1.00      1.00        10
          13       1.00      0.67      0.80         3
          21       1.00      1.00      1.00         3
          23       0.00      0.00      0.00         0
          24       0.00      0.00      0.00         1
          28       1.00      1.00      1.00         2
          30       1.00      1.00      1.00         4
          31       1.00      1.00      1.00         3

    accuracy                           0.96        54
   macro avg       0.82      0.81      0.81        54
weighted avg       0.97      0.96      0.96        54

============= MM =============
Testing the trained model:
Confusion Matrix:
[[5 0 0 0 0 0 0 0 0 0 0]
 [0 8 1 0 1 0 0 0 0 0 0]
 [0 0 8 0 0 1 1 0 0 0 0]
 [0 0 0 6 0 0 0 0 0 0 0]
 [0 1 0 2 6 1 0 0 0 0 0]
 [0 0 0 0 0 7 0 1 0 0 0]
 [0 0 0 0 0 0 9 0 0 0 1]
 [0 0 0 0 0 0 0 2 0 0 0]
 [0 0 0 0 0 0 0 0 4 0 0]
 [0 1 0 0 0 0 0 0 0 5 0]
 [0 0 0 0 0 0 0 0 0 0 0]]
Accuracy: 0.8450704225352113
Evaluation Report:              precision    recall  f1-score   support

           1       1.00      1.00      1.00         5
           2       0.80      0.80      0.80        10
           3       0.89      0.80      0.84        10
           4       0.75      1.00      0.86         6
           5       0.86      0.60      0.71        10
          13       0.78      0.88      0.82         8
          21       0.90      0.90      0.90        10
          28       0.67      1.00      0.80         2
          30       1.00      1.00      1.00         4
          31       1.00      0.83      0.91         6
          42       0.00      0.00      0.00         0

    accuracy                           0.85        71
   macro avg       0.79      0.80      0.79        71
weighted avg       0.87      0.85      0.85        71

============= HM =============
Testing the trained model:
Confusion Matrix:
[[5 0 0 0 0 0 0 0 0 0 0 0]
 [0 7 0 0 1 0 1 0 0 0 1 0]
 [0 0 7 0 2 0 1 0 0 0 0 0]
 [0 0 0 6 1 1 1 0 1 0 0 0]
 [0 1 0 0 8 1 0 0 0 0 0 0]
 [0 0 0 0 0 6 1 0 1 0 0 0]
 [0 0 0 0 1 0 7 1 0 0 0 1]
 [0 0 0 0 0 0 0 0 0 0 0 0]
 [0 0 0 0 0 0 0 0 4 0 0 0]
 [0 0 0 0 0 0 1 0 0 3 0 0]
 [0 0 0 0 0 0 0 0 0 0 0 0]
 [0 0 0 0 0 0 0 0 0 0 0 0]]
Accuracy: 0.7464788732394366
Evaluation Report:              precision    recall  f1-score   support

           1       1.00      1.00      1.00         5
           2       0.88      0.70      0.78        10
           3       1.00      0.70      0.82        10
           4       1.00      0.60      0.75        10
           5       0.62      0.80      0.70        10
          13       0.75      0.75      0.75         8
          21       0.58      0.70      0.64        10
          23       0.00      0.00      0.00         0
          28       0.67      1.00      0.80         4
          30       1.00      0.75      0.86         4
          41       0.00      0.00      0.00         0
          42       0.00      0.00      0.00         0

    accuracy                           0.75        71
   macro avg       0.62      0.58      0.59        71
weighted avg       0.82      0.75      0.77        71

============= Model =============
Testing the trained model:
Confusion Matrix:
[[40  0  0  0  0  0  0  0  0  0  0  0  0  0  0]
 [ 0 35  0  0  0  0  0  0  0  0  0  0  0  0  0]
 [ 0  0 30  0  0  0  0  0  0  0  0  0  0  0  0]
 [ 0  0  0 37  0  0  0  0  0  0  0  0  0  0  0]
 [ 0  0  0  0 35  0  0  0  0  0  0  0  0  0  0]
 [ 0  0  0  0  0 40  0  0  0  0  0  0  0  0  0]
 [ 0  0  0  0  0  0 35  0  0  0  0  0  0  0  0]
 [ 0  0  0  0  0  0  0 29  0  0  0  0  0  0  0]
 [ 0  0  0  0  0  0  0  0 31  0  0  0  0  0  0]
 [ 0  0  0  0  0  0  0  0  0 35  0  0  0  0  0]
 [ 0  0  0  0  0  0  0  0  0  0 35  0  0  0  0]
 [ 0  0  0  0  0  0  0  0  0  0  0 35  0  0  0]
 [ 0  0  0  0  0  0  0  0  0  0  0  0 35  0  0]
 [ 0  0  0  0  0  0  0  0  0  0  0  0  0 35  0]
 [ 0  0  0  0  0  0  0  0  0  0  0  0  0  0 35]]
Accuracy: 1.0
Evaluation Report:              precision    recall  f1-score   support

           1       1.00      1.00      1.00        40
           2       1.00      1.00      1.00        35
           3       1.00      1.00      1.00        30
           4       1.00      1.00      1.00        37
           5       1.00      1.00      1.00        35
          13       1.00      1.00      1.00        40
          21       1.00      1.00      1.00        35
          23       1.00      1.00      1.00        29
          24       1.00      1.00      1.00        31
          28       1.00      1.00      1.00        35
          30       1.00      1.00      1.00        35
          31       1.00      1.00      1.00        35
          40       1.00      1.00      1.00        35
          41       1.00      1.00      1.00        35
          42       1.00      1.00      1.00        35

    accuracy                           1.00       522
   macro avg       1.00      1.00      1.00       522
weighted avg       1.00      1.00      1.00       522

============= WM =============
Testing the trained model:
Confusion Matrix:
[[ 4  0  0  0  0  0  1  0  0  0  0  0  0]
 [ 0  6  0  0  0  0  0  0  0  0  0  0  0]
 [ 1  0  7  0  0  0  0  0  0  0  1  0  1]
 [ 0  0  0  6  0  0  0  0  0  0  0  1  0]
 [ 0  0  0  0 10  0  0  0  0  0  0  0  0]
 [ 0  1  0  0  0  1  0  0  0  0  0  1  0]
 [ 2  0  0  0  0  0  0  0  0  0  0  1  0]
 [ 0  0  0  0  0  0  0  0  0  0  0  0  0]
 [ 0  0  0  0  0  0  0  1  0  0  0  0  0]
 [ 0  1  0  0  0  0  0  0  0  1  0  0  0]
 [ 0  0  0  0  0  0  0  0  0  0  4  0  0]
 [ 1  1  0  0  0  0  0  0  0  0  0  1  0]
 [ 0  0  0  0  0  0  0  0  0  0  0  0  0]]
Accuracy: 0.7407407407407407
Evaluation Report:              precision    recall  f1-score   support

           1       0.50      0.80      0.62         5
           2       0.67      1.00      0.80         6
           3       1.00      0.70      0.82        10
           4       1.00      0.86      0.92         7
           5       1.00      1.00      1.00        10
          13       1.00      0.33      0.50         3
          21       0.00      0.00      0.00         3
          23       0.00      0.00      0.00         0
          24       0.00      0.00      0.00         1
          28       1.00      0.50      0.67         2
          30       0.80      1.00      0.89         4
          31       0.25      0.33      0.29         3
          41       0.00      0.00      0.00         0

    accuracy                           0.74        54
   macro avg       0.56      0.50      0.50        54
weighted avg       0.79      0.74      0.74        54

============= MM =============
Testing the trained model:
Confusion Matrix:
[[2 1 0 0 1 0 1 0 0 0 0 0]
 [4 5 0 1 0 0 0 0 0 0 0 0]
 [0 0 3 2 2 0 0 1 1 0 0 1]
 [0 0 0 5 0 0 1 0 0 0 0 0]
 [0 1 2 0 3 2 0 1 1 0 0 0]
 [0 2 0 1 1 3 0 0 1 0 0 0]
 [0 0 0 2 2 0 6 0 0 0 0 0]
 [0 0 0 0 0 0 0 0 0 0 0 0]
 [0 0 0 0 0 0 0 1 0 0 0 1]
 [0 0 0 0 0 1 0 0 0 2 1 0]
 [0 1 0 2 0 0 0 0 0 0 3 0]
 [0 0 0 0 0 0 0 0 0 0 0 0]]
Accuracy: 0.4507042253521127
Evaluation Report:              precision    recall  f1-score   support

           1       0.33      0.40      0.36         5
           2       0.50      0.50      0.50        10
           3       0.60      0.30      0.40        10
           4       0.38      0.83      0.53         6
           5       0.33      0.30      0.32        10
          13       0.50      0.38      0.43         8
          21       0.75      0.60      0.67        10
          24       0.00      0.00      0.00         0
          28       0.00      0.00      0.00         2
          30       1.00      0.50      0.67         4
          31       0.75      0.50      0.60         6
          41       0.00      0.00      0.00         0

    accuracy                           0.45        71
   macro avg       0.43      0.36      0.37        71
weighted avg       0.54      0.45      0.47        71

============= HM =============
Testing the trained model:
Confusion Matrix:
[[0 0 0 0 0 1 3 0 0 1 0 0 0 0]
 [0 3 1 0 2 1 0 0 2 0 0 0 0 1]
 [0 0 5 0 1 1 2 1 0 0 0 0 0 0]
 [2 0 0 2 0 1 2 0 1 1 1 0 0 0]
 [0 1 1 0 5 0 0 0 1 1 0 0 1 0]
 [1 0 0 0 2 1 2 1 0 0 0 0 1 0]
 [0 1 1 1 1 0 3 1 0 0 0 2 0 0]
 [0 0 0 0 0 0 0 0 0 0 0 0 0 0]
 [0 0 0 0 0 0 0 0 0 0 0 0 0 0]
 [0 1 0 0 0 1 0 0 0 1 1 0 0 0]
 [0 0 0 0 0 0 0 0 0 1 2 0 0 1]
 [0 0 0 0 0 0 0 0 0 0 0 0 0 0]
 [0 0 0 0 0 0 0 0 0 0 0 0 0 0]
 [0 0 0 0 0 0 0 0 0 0 0 0 0 0]]
Accuracy: 0.30985915492957744
Evaluation Report:              precision    recall  f1-score   support

           1       0.00      0.00      0.00         5
           2       0.50      0.30      0.38        10
           3       0.62      0.50      0.56        10
           4       0.67      0.20      0.31        10
           5       0.45      0.50      0.48        10
          13       0.17      0.12      0.14         8
          21       0.25      0.30      0.27        10
          23       0.00      0.00      0.00         0
          24       0.00      0.00      0.00         0
          28       0.20      0.25      0.22         4
          30       0.50      0.50      0.50         4
          31       0.00      0.00      0.00         0
          40       0.00      0.00      0.00         0
          42       0.00      0.00      0.00         0

    accuracy                           0.31        71
   macro avg       0.24      0.19      0.20        71
weighted avg       0.41      0.31      0.34        71

============= Model =============
Testing the trained model:
Confusion Matrix:
[[29  0  0  2  0  0  9  0  0  0  0  0  0  0  0]
 [ 1 18  0  0  1  3  9  0  0  0  1  1  1  0  0]
 [ 1  0 21  0  0  1  4  0  0  0  1  2  0  0  0]
 [ 1  0  0 29  1  2  4  0  0  0  0  0  0  0  0]
 [ 0  0  1  0 24  2  8  0  0  0  0  0  0  0  0]
 [ 1  2  0  1  0 23 11  0  0  2  0  0  0  0  0]
 [ 3  0  1  1  0  1 28  0  0  0  0  1  0  0  0]
 [ 0  0  0  1  0  1 14 12  0  0  0  0  1  0  0]
 [ 0  0  0  0  0  0  8  0 22  0  0  1  0  0  0]
 [ 3  0  0  0  2  2  5  0  0 19  2  1  1  0  0]
 [ 0  0  0  0  0  1  2  0  0  0 32  0  0  0  0]
 [ 1  1  2  0  0  3  3  0  0  0  1 24  0  0  0]
 [ 0  0  0  0  0  1  1  0  0  0  4  0 28  0  1]
 [ 0  0  0  0  0  1  1  0  0  0  0  0  0 33  0]
 [ 0  0  0  0  1  1  1  0  0  0  0  0  0  0 32]]
Accuracy: 0.7164750957854407
Evaluation Report:              precision    recall  f1-score   support

           1       0.72      0.72      0.72        40
           2       0.86      0.51      0.64        35
           3       0.84      0.70      0.76        30
           4       0.85      0.78      0.82        37
           5       0.83      0.69      0.75        35
          13       0.55      0.57      0.56        40
          21       0.26      0.80      0.39        35
          23       1.00      0.41      0.59        29
          24       1.00      0.71      0.83        31
          28       0.90      0.54      0.68        35
          30       0.78      0.91      0.84        35
          31       0.80      0.69      0.74        35
          40       0.90      0.80      0.85        35
          41       1.00      0.94      0.97        35
          42       0.97      0.91      0.94        35

    accuracy                           0.72       522
   macro avg       0.82      0.71      0.74       522
weighted avg       0.81      0.72      0.74       522

============= WM =============
Testing the trained model:
Confusion Matrix:
[[ 4  0  0  0  0  0  1  0  0  0  0  0]
 [ 0  6  0  0  0  0  0  0  0  0  0  0]
 [ 0  0  7  0  0  0  0  0  0  2  0  1]
 [ 0  0  0  7  0  0  0  0  0  0  0  0]
 [ 0  0  0  0 10  0  0  0  0  0  0  0]
 [ 0  0  0  0  0  2  1  0  0  0  0  0]
 [ 0  0  0  0  0  0  1  0  0  0  0  2]
 [ 0  0  0  0  0  0  0  0  0  0  0  0]
 [ 0  0  0  0  0  0  0  1  0  0  0  0]
 [ 0  0  0  0  0  0  0  0  0  2  0  0]
 [ 0  0  0  0  0  0  0  0  0  0  4  0]
 [ 0  0  0  0  0  0  0  0  0  0  0  3]]
Accuracy: 0.8518518518518519
Evaluation Report:              precision    recall  f1-score   support

           1       1.00      0.80      0.89         5
           2       1.00      1.00      1.00         6
           3       1.00      0.70      0.82        10
           4       1.00      1.00      1.00         7
           5       1.00      1.00      1.00        10
          13       1.00      0.67      0.80         3
          21       0.33      0.33      0.33         3
          23       0.00      0.00      0.00         0
          24       0.00      0.00      0.00         1
          28       0.50      1.00      0.67         2
          30       1.00      1.00      1.00         4
          31       0.50      1.00      0.67         3

    accuracy                           0.85        54
   macro avg       0.69      0.71      0.68        54
weighted avg       0.90      0.85      0.86        54

============= MM =============
Testing the trained model:
Confusion Matrix:
[[3 0 0 0 0 0 2 0 0 0 0]
 [1 2 0 0 0 1 4 0 0 2 0]
 [1 0 3 0 0 1 1 3 0 0 1]
 [0 0 0 4 1 0 1 0 0 0 0]
 [0 0 0 0 5 2 2 1 0 0 0]
 [0 0 0 0 1 6 1 0 0 0 0]
 [0 0 1 0 0 0 7 0 1 1 0]
 [0 0 0 0 0 1 0 1 0 0 0]
 [0 0 0 0 0 1 0 0 3 0 0]
 [0 0 0 0 0 0 1 0 0 5 0]
 [0 0 0 0 0 0 0 0 0 0 0]]
Accuracy: 0.5492957746478874
Evaluation Report:              precision    recall  f1-score   support

           1       0.60      0.60      0.60         5
           2       1.00      0.20      0.33        10
           3       0.75      0.30      0.43        10
           4       1.00      0.67      0.80         6
           5       0.71      0.50      0.59        10
          13       0.50      0.75      0.60         8
          21       0.37      0.70      0.48        10
          28       0.20      0.50      0.29         2
          30       0.75      0.75      0.75         4
          31       0.62      0.83      0.71         6
          41       0.00      0.00      0.00         0

    accuracy                           0.55        71
   macro avg       0.59      0.53      0.51        71
weighted avg       0.68      0.55      0.55        71

============= HM =============
Testing the trained model:
Confusion Matrix:
[[2 0 0 0 0 0 2 0 0 1]
 [0 1 0 0 0 1 8 0 0 0]
 [0 0 1 0 0 5 4 0 0 0]
 [0 0 0 6 0 1 3 0 0 0]
 [0 0 0 0 6 3 1 0 0 0]
 [1 0 0 0 0 3 4 0 0 0]
 [0 0 0 2 0 1 6 1 0 0]
 [0 0 0 0 0 0 0 0 0 0]
 [0 0 0 0 0 2 0 0 1 1]
 [0 0 0 0 0 0 3 0 0 1]]
Accuracy: 0.38028169014084506
Evaluation Report:              precision    recall  f1-score   support

           1       0.67      0.40      0.50         5
           2       1.00      0.10      0.18        10
           3       1.00      0.10      0.18        10
           4       0.75      0.60      0.67        10
           5       1.00      0.60      0.75        10
          13       0.19      0.38      0.25         8
          21       0.19      0.60      0.29        10
          24       0.00      0.00      0.00         0
          28       1.00      0.25      0.40         4
          30       0.33      0.25      0.29         4

    accuracy                           0.38        71
   macro avg       0.61      0.33      0.35        71
weighted avg       0.70      0.38      0.39        71

============= Model =============
Testing the trained model:
Confusion Matrix:
[[39  0  0  0  0  0  0  0  0  0  0  0  0  1  0]
 [ 0 34  0  0  0  0  0  0  0  0  0  0  0  1  0]
 [ 0  0 30  0  0  0  0  0  0  0  0  0  0  0  0]
 [ 0  0  0 37  0  0  0  0  0  0  0  0  0  0  0]
 [ 0  0  0  0 33  1  0  0  0  0  0  0  0  1  0]
 [ 0  0  0  0  0 38  1  0  0  0  0  0  0  1  0]
 [ 0  0  0  0  0  1 33  0  0  0  0  0  0  1  0]
 [ 0  0  0  0  0  0  0 29  0  0  0  0  0  0  0]
 [ 0  0  0  0  0  0  0  0 31  0  0  0  0  0  0]
 [ 0  0  0  0  0  1  0  0  0 34  0  0  0  0  0]
 [ 0  0  0  0  0  0  2  0  0  0 33  0  0  0  0]
 [ 0  0  0  0  0  1  1  0  0  0  0 33  0  0  0]
 [ 0  0  0  0  0  0  0  0  0  0  0  0 35  0  0]
 [ 0  0  0  0  0  0  0  0  0  0  0  0  0 35  0]
 [ 0  0  0  0  0  0  0  0  0  0  0  0  0  0 35]]
Accuracy: 0.975095785440613
Evaluation Report:              precision    recall  f1-score   support

           1       1.00      0.97      0.99        40
           2       1.00      0.97      0.99        35
           3       1.00      1.00      1.00        30
           4       1.00      1.00      1.00        37
           5       1.00      0.94      0.97        35
          13       0.90      0.95      0.93        40
          21       0.89      0.94      0.92        35
          23       1.00      1.00      1.00        29
          24       1.00      1.00      1.00        31
          28       1.00      0.97      0.99        35
          30       1.00      0.94      0.97        35
          31       1.00      0.94      0.97        35
          40       1.00      1.00      1.00        35
          41       0.88      1.00      0.93        35
          42       1.00      1.00      1.00        35

    accuracy                           0.98       522
   macro avg       0.98      0.98      0.98       522
weighted avg       0.98      0.98      0.98       522

============= WM =============
Testing the trained model:
Confusion Matrix:
[[4 0 0 0 0 0 0 0 0 1 0 0]
 [0 6 0 0 0 0 0 0 0 0 0 0]
 [0 0 8 0 0 2 0 0 0 0 0 0]
 [0 0 0 7 0 0 0 0 0 0 0 0]
 [0 1 0 0 9 0 0 0 0 0 0 0]
 [0 1 0 0 0 2 0 0 0 0 0 0]
 [0 0 0 0 0 0 2 0 0 1 0 0]
 [0 0 0 0 0 0 0 0 0 0 0 0]
 [0 0 0 0 0 0 0 1 0 0 0 0]
 [0 0 0 0 0 0 0 0 0 2 0 0]
 [0 0 0 0 0 0 0 0 0 0 4 0]
 [0 0 0 0 0 0 0 0 0 0 0 3]]
Accuracy: 0.8703703703703703
Evaluation Report:              precision    recall  f1-score   support

           1       1.00      0.80      0.89         5
           2       0.75      1.00      0.86         6
           3       1.00      0.80      0.89        10
           4       1.00      1.00      1.00         7
           5       1.00      0.90      0.95        10
          13       0.50      0.67      0.57         3
          21       1.00      0.67      0.80         3
          23       0.00      0.00      0.00         0
          24       0.00      0.00      0.00         1
          28       0.50      1.00      0.67         2
          30       1.00      1.00      1.00         4
          31       1.00      1.00      1.00         3

    accuracy                           0.87        54
   macro avg       0.73      0.74      0.72        54
weighted avg       0.91      0.87      0.88        54

============= MM =============
Testing the trained model:
Confusion Matrix:
[[4 0 0 0 0 1 0 0 0 0 0]
 [0 8 0 0 0 1 0 0 0 0 1]
 [0 1 5 1 0 0 1 2 0 0 0]
 [0 0 0 6 0 0 0 0 0 0 0]
 [0 1 1 0 8 0 0 0 0 0 0]
 [0 0 1 0 0 6 0 1 0 0 0]
 [0 0 0 0 0 2 6 1 0 0 1]
 [0 0 0 0 0 0 0 2 0 0 0]
 [0 0 0 0 0 0 0 0 4 0 0]
 [0 0 0 0 0 0 0 0 0 6 0]
 [0 0 0 0 0 0 0 0 0 0 0]]
Accuracy: 0.7746478873239436
Evaluation Report:              precision    recall  f1-score   support

           1       1.00      0.80      0.89         5
           2       0.80      0.80      0.80        10
           3       0.71      0.50      0.59        10
           4       0.86      1.00      0.92         6
           5       1.00      0.80      0.89        10
          13       0.60      0.75      0.67         8
          21       0.86      0.60      0.71        10
          28       0.33      1.00      0.50         2
          30       1.00      1.00      1.00         4
          31       1.00      1.00      1.00         6
          42       0.00      0.00      0.00         0

    accuracy                           0.77        71
   macro avg       0.74      0.75      0.72        71
weighted avg       0.84      0.77      0.79        71

============= HM =============
Testing the trained model:
Confusion Matrix:
[[3 0 1 0 0 0 0 0 0 0 0 0 0 1]
 [0 8 0 0 0 1 0 0 0 0 0 0 0 1]
 [0 1 6 0 0 0 0 1 1 0 0 0 0 1]
 [0 1 1 4 2 1 0 0 0 0 0 1 0 0]
 [0 2 0 1 5 0 0 0 1 0 0 0 1 0]
 [0 1 0 0 0 2 0 1 0 0 0 1 0 3]
 [0 0 0 0 0 4 3 0 2 1 0 0 0 0]
 [0 0 0 0 0 0 0 0 0 0 0 0 0 0]
 [0 0 0 0 0 0 0 0 0 0 0 0 0 0]
 [0 0 0 0 0 0 0 1 0 3 0 0 0 0]
 [0 0 0 0 0 1 0 0 0 0 3 0 0 0]
 [0 0 0 0 0 0 0 0 0 0 0 0 0 0]
 [0 0 0 0 0 0 0 0 0 0 0 0 0 0]
 [0 0 0 0 0 0 0 0 0 0 0 0 0 0]]
Accuracy: 0.5211267605633803
Evaluation Report:              precision    recall  f1-score   support

           1       1.00      0.60      0.75         5
           2       0.62      0.80      0.70        10
           3       0.75      0.60      0.67        10
           4       0.80      0.40      0.53        10
           5       0.71      0.50      0.59        10
          13       0.22      0.25      0.24         8
          21       1.00      0.30      0.46        10
          23       0.00      0.00      0.00         0
          24       0.00      0.00      0.00         0
          28       0.75      0.75      0.75         4
          30       1.00      0.75      0.86         4
          31       0.00      0.00      0.00         0
          40       0.00      0.00      0.00         0
          41       0.00      0.00      0.00         0

    accuracy                           0.52        71
   macro avg       0.49      0.35      0.40        71
weighted avg       0.74      0.52      0.58        71

============= Model =============
Testing the trained model:
Confusion Matrix:
[[40  0  0  0  0  0  0  0  0  0  0  0  0  0  0]
 [ 0 35  0  0  0  0  0  0  0  0  0  0  0  0  0]
 [ 0  0 30  0  0  0  0  0  0  0  0  0  0  0  0]
 [ 0  0  0 37  0  0  0  0  0  0  0  0  0  0  0]
 [ 0  0  0  0 35  0  0  0  0  0  0  0  0  0  0]
 [ 0  0  0  0  0 40  0  0  0  0  0  0  0  0  0]
 [ 0  0  0  0  0  0 35  0  0  0  0  0  0  0  0]
 [ 0  0  0  0  0  0  0 29  0  0  0  0  0  0  0]
 [ 0  0  0  0  0  0  0  0 31  0  0  0  0  0  0]
 [ 0  0  0  0  0  0  0  0  0 35  0  0  0  0  0]
 [ 0  0  0  0  0  0  0  0  0  0 35  0  0  0  0]
 [ 0  0  0  0  0  0  0  0  0  0  0 35  0  0  0]
 [ 0  0  0  0  0  0  0  0  0  0  0  0 35  0  0]
 [ 0  0  0  0  0  0  0  0  0  0  0  0  0 35  0]
 [ 0  0  0  0  0  0  0  0  0  0  0  0  0  0 35]]
Accuracy: 1.0
Evaluation Report:              precision    recall  f1-score   support

           1       1.00      1.00      1.00        40
           2       1.00      1.00      1.00        35
           3       1.00      1.00      1.00        30
           4       1.00      1.00      1.00        37
           5       1.00      1.00      1.00        35
          13       1.00      1.00      1.00        40
          21       1.00      1.00      1.00        35
          23       1.00      1.00      1.00        29
          24       1.00      1.00      1.00        31
          28       1.00      1.00      1.00        35
          30       1.00      1.00      1.00        35
          31       1.00      1.00      1.00        35
          40       1.00      1.00      1.00        35
          41       1.00      1.00      1.00        35
          42       1.00      1.00      1.00        35

    accuracy                           1.00       522
   macro avg       1.00      1.00      1.00       522
weighted avg       1.00      1.00      1.00       522

============= WM =============
Testing the trained model:
Confusion Matrix:
[[ 5  0  0  0  0  0  0  0  0  0  0  0]
 [ 0  6  0  0  0  0  0  0  0  0  0  0]
 [ 0  0 10  0  0  0  0  0  0  0  0  0]
 [ 0  0  0  7  0  0  0  0  0  0  0  0]
 [ 0  0  0  0 10  0  0  0  0  0  0  0]
 [ 0  0  0  0  0  2  0  1  0  0  0  0]
 [ 0  0  0  0  0  0  3  0  0  0  0  0]
 [ 0  0  0  0  0  0  0  0  0  0  0  0]
 [ 0  0  0  0  0  0  0  1  0  0  0  0]
 [ 0  0  0  0  0  0  0  0  0  2  0  0]
 [ 0  0  0  0  0  0  0  0  0  0  4  0]
 [ 0  0  0  0  0  0  0  0  0  0  0  3]]
Accuracy: 0.9629629629629629
Evaluation Report:              precision    recall  f1-score   support

           1       1.00      1.00      1.00         5
           2       1.00      1.00      1.00         6
           3       1.00      1.00      1.00        10
           4       1.00      1.00      1.00         7
           5       1.00      1.00      1.00        10
          13       1.00      0.67      0.80         3
          21       1.00      1.00      1.00         3
          23       0.00      0.00      0.00         0
          24       0.00      0.00      0.00         1
          28       1.00      1.00      1.00         2
          30       1.00      1.00      1.00         4
          31       1.00      1.00      1.00         3

    accuracy                           0.96        54
   macro avg       0.83      0.81      0.82        54
weighted avg       0.98      0.96      0.97        54

============= MM =============
Testing the trained model:
Confusion Matrix:
[[5 0 0 0 0 0 0 0 0 0 0 0]
 [0 9 0 0 1 0 0 0 0 0 0 0]
 [0 1 6 0 0 1 1 1 0 0 0 0]
 [0 0 0 6 0 0 0 0 0 0 0 0]
 [0 0 0 1 8 0 0 0 1 0 0 0]
 [0 0 1 0 0 7 0 0 0 0 0 0]
 [0 0 1 0 0 0 8 0 0 0 0 1]
 [0 0 0 0 0 0 0 0 0 0 0 0]
 [0 0 0 0 0 0 0 0 2 0 0 0]
 [0 0 0 0 0 0 0 0 0 4 0 0]
 [0 1 0 0 0 0 0 0 0 0 5 0]
 [0 0 0 0 0 0 0 0 0 0 0 0]]
Accuracy: 0.8450704225352113
Evaluation Report:              precision    recall  f1-score   support

           1       1.00      1.00      1.00         5
           2       0.82      0.90      0.86        10
           3       0.75      0.60      0.67        10
           4       0.86      1.00      0.92         6
           5       0.89      0.80      0.84        10
          13       0.88      0.88      0.88         8
          21       0.89      0.80      0.84        10
          23       0.00      0.00      0.00         0
          28       0.67      1.00      0.80         2
          30       1.00      1.00      1.00         4
          31       1.00      0.83      0.91         6
          42       0.00      0.00      0.00         0

    accuracy                           0.85        71
   macro avg       0.73      0.73      0.73        71
weighted avg       0.87      0.85      0.85        71

============= HM =============
Testing the trained model:
Confusion Matrix:
[[4 0 0 0 0 0 0 1 0 0]
 [0 8 0 0 1 0 1 0 0 0]
 [0 0 8 0 0 1 0 1 0 0]
 [0 2 0 7 0 1 0 0 0 0]
 [0 0 0 0 9 1 0 0 0 0]
 [0 0 1 0 0 6 1 0 0 0]
 [0 0 0 0 1 0 6 1 0 2]
 [0 0 0 0 0 0 0 0 0 0]
 [0 0 0 0 0 0 0 0 4 0]
 [0 1 0 0 0 0 0 0 0 3]]
Accuracy: 0.7746478873239436
Evaluation Report:              precision    recall  f1-score   support

           1       1.00      0.80      0.89         5
           2       0.73      0.80      0.76        10
           3       0.89      0.80      0.84        10
           4       1.00      0.70      0.82        10
           5       0.82      0.90      0.86        10
          13       0.67      0.75      0.71         8
          21       0.75      0.60      0.67        10
          23       0.00      0.00      0.00         0
          28       1.00      1.00      1.00         4
          30       0.60      0.75      0.67         4

    accuracy                           0.77        71
   macro avg       0.75      0.71      0.72        71
weighted avg       0.83      0.77      0.79        71

============= Model =============
Testing the trained model:
Confusion Matrix:
[[40  0  0  0  0  0  0  0  0  0  0  0  0  0  0]
 [ 0 35  0  0  0  0  0  0  0  0  0  0  0  0  0]
 [ 0  0 30  0  0  0  0  0  0  0  0  0  0  0  0]
 [ 0  0  0 37  0  0  0  0  0  0  0  0  0  0  0]
 [ 0  0  0  0 35  0  0  0  0  0  0  0  0  0  0]
 [ 0  0  0  0  0 40  0  0  0  0  0  0  0  0  0]
 [ 0  0  0  0  0  0 35  0  0  0  0  0  0  0  0]
 [ 0  0  0  0  0  0  0 29  0  0  0  0  0  0  0]
 [ 0  0  0  0  0  0  0  0 31  0  0  0  0  0  0]
 [ 0  0  0  0  0  0  0  0  0 35  0  0  0  0  0]
 [ 0  0  0  0  0  0  0  0  0  0 35  0  0  0  0]
 [ 0  0  0  0  0  0  0  0  0  0  0 35  0  0  0]
 [ 0  0  0  0  0  0  0  0  0  0  0  0 35  0  0]
 [ 0  0  0  0  0  0  0  0  0  0  0  0  0 35  0]
 [ 0  0  0  0  0  0  0  0  0  0  0  0  0  0 35]]
Accuracy: 1.0
Evaluation Report:              precision    recall  f1-score   support

           1       1.00      1.00      1.00        40
           2       1.00      1.00      1.00        35
           3       1.00      1.00      1.00        30
           4       1.00      1.00      1.00        37
           5       1.00      1.00      1.00        35
          13       1.00      1.00      1.00        40
          21       1.00      1.00      1.00        35
          23       1.00      1.00      1.00        29
          24       1.00      1.00      1.00        31
          28       1.00      1.00      1.00        35
          30       1.00      1.00      1.00        35
          31       1.00      1.00      1.00        35
          40       1.00      1.00      1.00        35
          41       1.00      1.00      1.00        35
          42       1.00      1.00      1.00        35

    accuracy                           1.00       522
   macro avg       1.00      1.00      1.00       522
weighted avg       1.00      1.00      1.00       522

============= WM =============
Testing the trained model:
Confusion Matrix:
[[ 5  0  0  0  0  0  0  0  0  0  0  0]
 [ 0  6  0  0  0  0  0  0  0  0  0  0]
 [ 0  0 10  0  0  0  0  0  0  0  0  0]
 [ 0  0  0  7  0  0  0  0  0  0  0  0]
 [ 0  0  0  0 10  0  0  0  0  0  0  0]
 [ 0  0  0  0  0  3  0  0  0  0  0  0]
 [ 0  1  0  0  0  0  2  0  0  0  0  0]
 [ 0  0  0  0  0  0  0  0  0  0  0  0]
 [ 0  0  0  0  0  0  0  1  0  0  0  0]
 [ 0  0  0  0  0  0  0  0  0  2  0  0]
 [ 0  0  0  0  0  0  0  0  0  0  4  0]
 [ 0  0  0  0  0  0  0  0  0  0  0  3]]
Accuracy: 0.9629629629629629
Evaluation Report:              precision    recall  f1-score   support

           1       1.00      1.00      1.00         5
           2       0.86      1.00      0.92         6
           3       1.00      1.00      1.00        10
           4       1.00      1.00      1.00         7
           5       1.00      1.00      1.00        10
          13       1.00      1.00      1.00         3
          21       1.00      0.67      0.80         3
          23       0.00      0.00      0.00         0
          24       0.00      0.00      0.00         1
          28       1.00      1.00      1.00         2
          30       1.00      1.00      1.00         4
          31       1.00      1.00      1.00         3

    accuracy                           0.96        54
   macro avg       0.82      0.81      0.81        54
weighted avg       0.97      0.96      0.96        54

============= MM =============
Testing the trained model:
Confusion Matrix:
[[5 0 0 0 0 0 0 0 0 0 0 0]
 [1 7 0 0 0 0 0 1 0 0 1 0]
 [0 0 7 0 0 2 0 0 1 0 0 0]
 [0 0 0 6 0 0 0 0 0 0 0 0]
 [0 1 0 0 8 0 1 0 0 0 0 0]
 [0 0 0 0 1 7 0 0 0 0 0 0]
 [0 0 0 0 0 1 7 1 0 0 0 1]
 [0 0 0 0 0 0 0 0 0 0 0 0]
 [0 0 0 0 0 1 0 0 1 0 0 0]
 [0 1 0 0 0 0 0 0 0 3 0 0]
 [0 1 0 0 0 0 0 0 0 0 5 0]
 [0 0 0 0 0 0 0 0 0 0 0 0]]
Accuracy: 0.7887323943661971
Evaluation Report:              precision    recall  f1-score   support

           1       0.83      1.00      0.91         5
           2       0.70      0.70      0.70        10
           3       1.00      0.70      0.82        10
           4       1.00      1.00      1.00         6
           5       0.89      0.80      0.84        10
          13       0.64      0.88      0.74         8
          21       0.88      0.70      0.78        10
          23       0.00      0.00      0.00         0
          28       0.50      0.50      0.50         2
          30       1.00      0.75      0.86         4
          31       0.83      0.83      0.83         6
          42       0.00      0.00      0.00         0

    accuracy                           0.79        71
   macro avg       0.69      0.65      0.66        71
weighted avg       0.84      0.79      0.81        71

============= HM =============
Testing the trained model:
Confusion Matrix:
[[3 0 0 0 0 1 1 0 0 0 0 0 0]
 [0 4 0 0 0 1 1 0 1 0 2 1 0]
 [0 1 4 0 0 0 3 1 0 0 0 0 1]
 [0 0 0 5 1 0 2 0 2 0 0 0 0]
 [0 3 0 0 4 1 1 0 1 0 0 0 0]
 [0 0 0 0 1 4 0 0 0 1 2 0 0]
 [0 0 0 2 0 0 5 2 1 0 0 0 0]
 [0 0 0 0 0 0 0 0 0 0 0 0 0]
 [0 0 0 0 0 0 0 0 0 0 0 0 0]
 [0 0 0 0 0 0 0 0 0 4 0 0 0]
 [0 1 0 0 0 0 0 0 0 0 3 0 0]
 [0 0 0 0 0 0 0 0 0 0 0 0 0]
 [0 0 0 0 0 0 0 0 0 0 0 0 0]]
Accuracy: 0.5070422535211268
Evaluation Report:              precision    recall  f1-score   support

           1       1.00      0.60      0.75         5
           2       0.44      0.40      0.42        10
           3       1.00      0.40      0.57        10
           4       0.71      0.50      0.59        10
           5       0.67      0.40      0.50        10
          13       0.57      0.50      0.53         8
          21       0.38      0.50      0.43        10
          23       0.00      0.00      0.00         0
          24       0.00      0.00      0.00         0
          28       0.80      1.00      0.89         4
          30       0.43      0.75      0.55         4
          40       0.00      0.00      0.00         0
          42       0.00      0.00      0.00         0

    accuracy                           0.51        71
   macro avg       0.46      0.39      0.40        71
weighted avg       0.66      0.51      0.55        71

============= Model =============
Testing the trained model:
Confusion Matrix:
[[23  2  2  2  0  1  4  0  0  1  2  0  0  3  0]
 [ 3 13  1  1  3  2  5  1  0  1  1  3  0  0  1]
 [ 1  1 17  3  2  0  2  0  1  2  0  0  0  1  0]
 [ 3  1  1 20  1  2  3  0  0  2  2  0  0  2  0]
 [ 0  3  2  0 24  0  1  0  1  2  0  0  0  2  0]
 [ 2  2  3  1  2 16  3  0  0  4  1  1  1  2  2]
 [ 2  2  4  1  0  0 19  0  2  1  2  0  0  1  1]
 [ 3  0  2  2  1  1  2  9  0  1  3  1  1  3  0]
 [ 1  1  3  1  6  0  1  1 15  0  2  0  0  0  0]
 [ 3  1  2  0  3  2  1  0  0 18  1  0  0  0  4]
 [ 0  3  3  0  1  2  2  0  2  3 15  0  1  0  3]
 [ 0  2  1  4  1  3  3  0  0  0  2 16  1  1  1]
 [ 0  0  0  0  1  0  1  0  0  0  1  0 29  0  3]
 [ 0  0  0  0  1  1  0  0  1  2  0  0  0 30  0]
 [ 1  0  0  1  1  1  0  0  1  0  0  0  1  0 29]]
Accuracy: 0.5613026819923371
Evaluation Report:              precision    recall  f1-score   support

           1       0.55      0.57      0.56        40
           2       0.42      0.37      0.39        35
           3       0.41      0.57      0.48        30
           4       0.56      0.54      0.55        37
           5       0.51      0.69      0.59        35
          13       0.52      0.40      0.45        40
          21       0.40      0.54      0.46        35
          23       0.82      0.31      0.45        29
          24       0.65      0.48      0.56        31
          28       0.49      0.51      0.50        35
          30       0.47      0.43      0.45        35
          31       0.76      0.46      0.57        35
          40       0.85      0.83      0.84        35
          41       0.67      0.86      0.75        35
          42       0.66      0.83      0.73        35

    accuracy                           0.56       522
   macro avg       0.58      0.56      0.56       522
weighted avg       0.58      0.56      0.56       522

============= WM =============
Testing the trained model:
Confusion Matrix:
[[4 0 0 0 0 0 1 0 0 0 0 0 0]
 [1 3 0 0 0 0 0 0 0 0 1 1 0]
 [2 0 6 0 0 0 1 0 0 0 0 0 1]
 [0 0 0 7 0 0 0 0 0 0 0 0 0]
 [0 1 2 1 6 0 0 0 0 0 0 0 0]
 [1 0 0 0 0 0 1 0 0 1 0 0 0]
 [1 0 1 1 0 0 0 0 0 0 0 0 0]
 [0 0 0 0 0 0 0 0 0 0 0 0 0]
 [0 0 0 0 0 0 0 1 0 0 0 0 0]
 [2 0 0 0 0 0 0 0 0 0 0 0 0]
 [0 1 0 0 0 0 0 0 0 1 2 0 0]
 [1 0 0 0 0 0 0 0 0 0 0 2 0]
 [0 0 0 0 0 0 0 0 0 0 0 0 0]]
Accuracy: 0.5555555555555556
Evaluation Report:              precision    recall  f1-score   support

           1       0.33      0.80      0.47         5
           2       0.60      0.50      0.55         6
           3       0.67      0.60      0.63        10
           4       0.78      1.00      0.88         7
           5       1.00      0.60      0.75        10
          13       0.00      0.00      0.00         3
          21       0.00      0.00      0.00         3
          23       0.00      0.00      0.00         0
          24       0.00      0.00      0.00         1
          28       0.00      0.00      0.00         2
          30       0.67      0.50      0.57         4
          31       0.67      0.67      0.67         3
          42       0.00      0.00      0.00         0

    accuracy                           0.56        54
   macro avg       0.36      0.36      0.35        54
weighted avg       0.59      0.56      0.55        54

============= MM =============
Testing the trained model:
Confusion Matrix:
[[3 1 0 0 0 0 0 1 0 0 0 0 0]
 [1 4 1 0 0 1 0 0 1 0 1 0 1]
 [0 0 3 1 1 0 2 0 1 0 0 1 1]
 [3 0 1 0 0 0 1 0 0 1 0 0 0]
 [0 0 0 0 3 2 2 0 2 0 0 0 1]
 [0 1 1 0 0 3 0 1 1 0 1 0 0]
 [0 1 0 1 1 0 4 0 0 3 0 0 0]
 [0 0 0 0 0 0 0 0 0 0 0 0 0]
 [0 0 0 0 0 1 0 0 1 0 0 0 0]
 [0 1 0 1 0 0 0 0 0 2 0 0 0]
 [1 0 0 1 0 0 0 0 0 0 3 0 1]
 [0 0 0 0 0 0 0 0 0 0 0 0 0]
 [0 0 0 0 0 0 0 0 0 0 0 0 0]]
Accuracy: 0.36619718309859156
Evaluation Report:              precision    recall  f1-score   support

           1       0.38      0.60      0.46         5
           2       0.50      0.40      0.44        10
           3       0.50      0.30      0.38        10
           4       0.00      0.00      0.00         6
           5       0.60      0.30      0.40        10
          13       0.43      0.38      0.40         8
          21       0.44      0.40      0.42        10
          23       0.00      0.00      0.00         0
          28       0.17      0.50      0.25         2
          30       0.33      0.50      0.40         4
          31       0.60      0.50      0.55         6
          41       0.00      0.00      0.00         0
          42       0.00      0.00      0.00         0

    accuracy                           0.37        71
   macro avg       0.30      0.30      0.28        71
weighted avg       0.44      0.37      0.38        71

============= HM =============
Testing the trained model:
Confusion Matrix:
[[2 0 0 0 1 1 1 0 0 0 0 0]
 [1 1 0 1 3 1 3 0 0 0 0 0]
 [0 0 3 0 0 0 3 1 0 1 1 1]
 [0 0 2 0 2 1 1 0 1 0 2 1]
 [0 2 1 0 3 0 1 0 0 0 2 1]
 [0 1 1 1 0 4 0 0 0 0 1 0]
 [1 0 2 0 0 0 1 0 0 1 3 2]
 [0 0 0 0 0 0 0 0 0 0 0 0]
 [0 0 0 0 0 2 0 0 1 1 0 0]
 [0 0 0 1 0 0 0 0 0 3 0 0]
 [0 0 0 0 0 0 0 0 0 0 0 0]
 [0 0 0 0 0 0 0 0 0 0 0 0]]
Accuracy: 0.2535211267605634
Evaluation Report:              precision    recall  f1-score   support

           1       0.50      0.40      0.44         5
           2       0.25      0.10      0.14        10
           3       0.33      0.30      0.32        10
           4       0.00      0.00      0.00        10
           5       0.33      0.30      0.32        10
          13       0.44      0.50      0.47         8
          21       0.10      0.10      0.10        10
          24       0.00      0.00      0.00         0
          28       0.50      0.25      0.33         4
          30       0.50      0.75      0.60         4
          41       0.00      0.00      0.00         0
          42       0.00      0.00      0.00         0

    accuracy                           0.25        71
   macro avg       0.25      0.23      0.23        71
weighted avg       0.28      0.25      0.26        71

============= Model =============
Testing the trained model:
Confusion Matrix:
[[40  0  0  0  0  0  0  0  0  0  0  0  0  0  0]
 [ 0 35  0  0  0  0  0  0  0  0  0  0  0  0  0]
 [ 0  0 30  0  0  0  0  0  0  0  0  0  0  0  0]
 [ 0  0  0 37  0  0  0  0  0  0  0  0  0  0  0]
 [ 0  0  0  0 35  0  0  0  0  0  0  0  0  0  0]
 [ 0  0  0  0  0 40  0  0  0  0  0  0  0  0  0]
 [ 0  0  0  0  0  0 35  0  0  0  0  0  0  0  0]
 [ 0  0  0  0  0  0  0 29  0  0  0  0  0  0  0]
 [ 0  0  0  0  0  0  0  0 31  0  0  0  0  0  0]
 [ 0  0  0  0  0  0  0  0  0 35  0  0  0  0  0]
 [ 0  0  0  0  0  0  0  0  0  0 35  0  0  0  0]
 [ 0  0  0  0  0  0  0  0  0  0  0 35  0  0  0]
 [ 0  0  0  0  0  0  0  0  0  0  0  0 35  0  0]
 [ 0  0  0  0  0  0  0  0  0  0  0  0  0 35  0]
 [ 0  0  0  0  0  0  0  0  0  0  0  0  0  0 35]]
Accuracy: 1.0
Evaluation Report:              precision    recall  f1-score   support

           1       1.00      1.00      1.00        40
           2       1.00      1.00      1.00        35
           3       1.00      1.00      1.00        30
           4       1.00      1.00      1.00        37
           5       1.00      1.00      1.00        35
          13       1.00      1.00      1.00        40
          21       1.00      1.00      1.00        35
          23       1.00      1.00      1.00        29
          24       1.00      1.00      1.00        31
          28       1.00      1.00      1.00        35
          30       1.00      1.00      1.00        35
          31       1.00      1.00      1.00        35
          40       1.00      1.00      1.00        35
          41       1.00      1.00      1.00        35
          42       1.00      1.00      1.00        35

    accuracy                           1.00       522
   macro avg       1.00      1.00      1.00       522
weighted avg       1.00      1.00      1.00       522

============= WM =============
Testing the trained model:
Confusion Matrix:
[[ 5  0  0  0  0  0  0  0  0  0  0  0]
 [ 0  6  0  0  0  0  0  0  0  0  0  0]
 [ 0  0 10  0  0  0  0  0  0  0  0  0]
 [ 0  0  0  7  0  0  0  0  0  0  0  0]
 [ 0  1  0  0  9  0  0  0  0  0  0  0]
 [ 0  1  0  0  0  2  0  0  0  0  0  0]
 [ 0  0  0  0  0  0  3  0  0  0  0  0]
 [ 0  0  0  0  0  0  0  0  0  0  0  0]
 [ 0  0  0  0  0  0  0  1  0  0  0  0]
 [ 0  0  0  0  0  0  0  0  0  2  0  0]
 [ 0  0  0  0  0  0  0  0  0  0  4  0]
 [ 0  0  0  0  0  0  0  0  0  0  0  3]]
Accuracy: 0.9444444444444444
Evaluation Report:              precision    recall  f1-score   support

           1       1.00      1.00      1.00         5
           2       0.75      1.00      0.86         6
           3       1.00      1.00      1.00        10
           4       1.00      1.00      1.00         7
           5       1.00      0.90      0.95        10
          13       1.00      0.67      0.80         3
          21       1.00      1.00      1.00         3
          23       0.00      0.00      0.00         0
          24       0.00      0.00      0.00         1
          28       1.00      1.00      1.00         2
          30       1.00      1.00      1.00         4
          31       1.00      1.00      1.00         3

    accuracy                           0.94        54
   macro avg       0.81      0.80      0.80        54
weighted avg       0.95      0.94      0.94        54

============= MM =============
Testing the trained model:
Confusion Matrix:
[[4 0 0 0 1 0 0 0 0 0 0 0 0]
 [0 9 0 0 1 0 0 0 0 0 0 0 0]
 [0 0 6 1 2 0 0 0 0 0 0 0 1]
 [0 0 0 6 0 0 0 0 0 0 0 0 0]
 [0 0 0 0 8 0 0 0 1 1 0 0 0]
 [0 0 0 0 0 8 0 0 0 0 0 0 0]
 [0 0 0 0 0 0 9 1 0 0 0 0 0]
 [0 0 0 0 0 0 0 0 0 0 0 0 0]
 [0 0 0 0 0 0 0 0 0 0 0 0 0]
 [0 0 0 0 0 1 0 0 0 1 0 0 0]
 [0 0 0 0 0 0 0 0 0 0 4 0 0]
 [0 0 0 0 0 0 0 0 0 0 0 6 0]
 [0 0 0 0 0 0 0 0 0 0 0 0 0]]
Accuracy: 0.8591549295774648
Evaluation Report:              precision    recall  f1-score   support

           1       1.00      0.80      0.89         5
           2       1.00      0.90      0.95        10
           3       1.00      0.60      0.75        10
           4       0.86      1.00      0.92         6
           5       0.67      0.80      0.73        10
          13       0.89      1.00      0.94         8
          21       1.00      0.90      0.95        10
          23       0.00      0.00      0.00         0
          24       0.00      0.00      0.00         0
          28       0.50      0.50      0.50         2
          30       1.00      1.00      1.00         4
          31       1.00      1.00      1.00         6
          41       0.00      0.00      0.00         0

    accuracy                           0.86        71
   macro avg       0.69      0.65      0.66        71
weighted avg       0.91      0.86      0.88        71

============= HM =============
Testing the trained model:
Confusion Matrix:
[[5 0 0 0 0 0 0 0 0 0 0 0]
 [0 5 0 0 2 2 0 0 1 0 0 0]
 [0 1 4 0 0 1 1 2 0 0 0 1]
 [0 1 0 7 0 0 1 0 0 0 1 0]
 [0 1 0 0 5 4 0 0 0 0 0 0]
 [0 1 0 0 0 7 0 0 0 0 0 0]
 [0 0 0 0 0 1 7 1 0 0 1 0]
 [0 0 0 0 0 0 0 0 0 0 0 0]
 [0 0 0 0 0 0 0 0 4 0 0 0]
 [0 1 0 0 0 0 0 0 0 3 0 0]
 [0 0 0 0 0 0 0 0 0 0 0 0]
 [0 0 0 0 0 0 0 0 0 0 0 0]]
Accuracy: 0.6619718309859155
Evaluation Report:              precision    recall  f1-score   support

           1       1.00      1.00      1.00         5
           2       0.50      0.50      0.50        10
           3       1.00      0.40      0.57        10
           4       1.00      0.70      0.82        10
           5       0.71      0.50      0.59        10
          13       0.47      0.88      0.61         8
          21       0.78      0.70      0.74        10
          23       0.00      0.00      0.00         0
          28       0.80      1.00      0.89         4
          30       1.00      0.75      0.86         4
          31       0.00      0.00      0.00         0
          42       0.00      0.00      0.00         0

    accuracy                           0.66        71
   macro avg       0.60      0.54      0.55        71
weighted avg       0.79      0.66      0.69        71

============= Model =============
Testing the trained model:
Confusion Matrix:
[[39  0  0  0  0  0  0  0  0  0  0  0  0  1  0]
 [ 0 34  0  0  0  0  0  0  0  0  0  0  0  1  0]
 [ 0  0 30  0  0  0  0  0  0  0  0  0  0  0  0]
 [ 0  0  0 37  0  0  0  0  0  0  0  0  0  0  0]
 [ 0  0  0  0 33  1  0  0  0  0  0  0  0  1  0]
 [ 0  0  0  0  0 38  1  0  0  0  0  0  0  1  0]
 [ 0  0  0  0  0  1 33  0  0  0  0  0  0  1  0]
 [ 0  0  0  0  0  0  0 29  0  0  0  0  0  0  0]
 [ 0  0  0  0  0  0  0  0 31  0  0  0  0  0  0]
 [ 0  0  0  0  0  1  0  0  0 34  0  0  0  0  0]
 [ 0  0  0  0  0  0  2  0  0  0 33  0  0  0  0]
 [ 0  0  0  0  0  1  1  0  0  0  0 33  0  0  0]
 [ 0  0  0  0  0  0  0  0  0  0  0  0 35  0  0]
 [ 0  0  0  0  0  0  0  0  0  0  0  0  0 35  0]
 [ 0  0  0  0  0  0  0  0  0  0  0  0  0  0 35]]
Accuracy: 0.975095785440613
Evaluation Report:              precision    recall  f1-score   support

           1       1.00      0.97      0.99        40
           2       1.00      0.97      0.99        35
           3       1.00      1.00      1.00        30
           4       1.00      1.00      1.00        37
           5       1.00      0.94      0.97        35
          13       0.90      0.95      0.93        40
          21       0.89      0.94      0.92        35
          23       1.00      1.00      1.00        29
          24       1.00      1.00      1.00        31
          28       1.00      0.97      0.99        35
          30       1.00      0.94      0.97        35
          31       1.00      0.94      0.97        35
          40       1.00      1.00      1.00        35
          41       0.88      1.00      0.93        35
          42       1.00      1.00      1.00        35

    accuracy                           0.98       522
   macro avg       0.98      0.98      0.98       522
weighted avg       0.98      0.98      0.98       522

============= WM =============
Testing the trained model:
Confusion Matrix:
[[4 0 0 0 0 0 0 0 0 1 0 0]
 [0 6 0 0 0 0 0 0 0 0 0 0]
 [0 0 8 0 0 2 0 0 0 0 0 0]
 [0 0 0 7 0 0 0 0 0 0 0 0]
 [0 1 0 0 9 0 0 0 0 0 0 0]
 [0 1 0 0 0 2 0 0 0 0 0 0]
 [0 0 0 0 0 0 2 0 0 1 0 0]
 [0 0 0 0 0 0 0 0 0 0 0 0]
 [0 0 0 0 0 0 0 1 0 0 0 0]
 [0 0 0 0 0 0 0 0 0 2 0 0]
 [0 0 0 0 0 0 0 0 0 0 4 0]
 [0 0 0 0 0 0 0 0 0 0 0 3]]
Accuracy: 0.8703703703703703
Evaluation Report:              precision    recall  f1-score   support

           1       1.00      0.80      0.89         5
           2       0.75      1.00      0.86         6
           3       1.00      0.80      0.89        10
           4       1.00      1.00      1.00         7
           5       1.00      0.90      0.95        10
          13       0.50      0.67      0.57         3
          21       1.00      0.67      0.80         3
          23       0.00      0.00      0.00         0
          24       0.00      0.00      0.00         1
          28       0.50      1.00      0.67         2
          30       1.00      1.00      1.00         4
          31       1.00      1.00      1.00         3

    accuracy                           0.87        54
   macro avg       0.73      0.74      0.72        54
weighted avg       0.91      0.87      0.88        54

============= MM =============
Testing the trained model:
Confusion Matrix:
[[4 0 0 0 0 1 0 0 0 0 0]
 [0 8 0 0 0 1 0 0 0 0 1]
 [0 1 5 1 0 0 1 2 0 0 0]
 [0 0 0 6 0 0 0 0 0 0 0]
 [0 1 1 0 8 0 0 0 0 0 0]
 [0 0 1 0 0 6 0 1 0 0 0]
 [0 0 0 0 0 2 6 1 0 0 1]
 [0 0 0 0 0 0 0 2 0 0 0]
 [0 0 0 0 0 0 0 0 4 0 0]
 [0 0 0 0 0 0 0 0 0 6 0]
 [0 0 0 0 0 0 0 0 0 0 0]]
Accuracy: 0.7746478873239436
Evaluation Report:              precision    recall  f1-score   support

           1       1.00      0.80      0.89         5
           2       0.80      0.80      0.80        10
           3       0.71      0.50      0.59        10
           4       0.86      1.00      0.92         6
           5       1.00      0.80      0.89        10
          13       0.60      0.75      0.67         8
          21       0.86      0.60      0.71        10
          28       0.33      1.00      0.50         2
          30       1.00      1.00      1.00         4
          31       1.00      1.00      1.00         6
          42       0.00      0.00      0.00         0

    accuracy                           0.77        71
   macro avg       0.74      0.75      0.72        71
weighted avg       0.84      0.77      0.79        71

============= HM =============
Testing the trained model:
Confusion Matrix:
[[3 0 1 0 0 0 0 0 0 0 0 0 0 1]
 [0 8 0 0 0 1 0 0 0 0 0 0 0 1]
 [0 1 6 0 0 0 0 1 1 0 0 0 0 1]
 [0 1 1 4 2 1 0 0 0 0 0 1 0 0]
 [0 2 0 1 5 0 0 0 1 0 0 0 1 0]
 [0 1 0 0 0 2 0 1 0 0 0 1 0 3]
 [0 0 0 0 0 4 3 0 2 1 0 0 0 0]
 [0 0 0 0 0 0 0 0 0 0 0 0 0 0]
 [0 0 0 0 0 0 0 0 0 0 0 0 0 0]
 [0 0 0 0 0 0 0 1 0 3 0 0 0 0]
 [0 0 0 0 0 1 0 0 0 0 3 0 0 0]
 [0 0 0 0 0 0 0 0 0 0 0 0 0 0]
 [0 0 0 0 0 0 0 0 0 0 0 0 0 0]
 [0 0 0 0 0 0 0 0 0 0 0 0 0 0]]
Accuracy: 0.5211267605633803
Evaluation Report:              precision    recall  f1-score   support

           1       1.00      0.60      0.75         5
           2       0.62      0.80      0.70        10
           3       0.75      0.60      0.67        10
           4       0.80      0.40      0.53        10
           5       0.71      0.50      0.59        10
          13       0.22      0.25      0.24         8
          21       1.00      0.30      0.46        10
          23       0.00      0.00      0.00         0
          24       0.00      0.00      0.00         0
          28       0.75      0.75      0.75         4
          30       1.00      0.75      0.86         4
          31       0.00      0.00      0.00         0
          40       0.00      0.00      0.00         0
          41       0.00      0.00      0.00         0

    accuracy                           0.52        71
   macro avg       0.49      0.35      0.40        71
weighted avg       0.74      0.52      0.58        71

============= Model =============
Testing the trained model:
Confusion Matrix:
[[40  0  0  0  0  0  0  0  0  0  0  0  0  0  0]
 [ 0 35  0  0  0  0  0  0  0  0  0  0  0  0  0]
 [ 0  0 30  0  0  0  0  0  0  0  0  0  0  0  0]
 [ 0  0  0 37  0  0  0  0  0  0  0  0  0  0  0]
 [ 0  0  0  0 35  0  0  0  0  0  0  0  0  0  0]
 [ 0  0  0  0  0 40  0  0  0  0  0  0  0  0  0]
 [ 0  0  0  0  0  0 35  0  0  0  0  0  0  0  0]
 [ 0  0  0  0  0  0  0 29  0  0  0  0  0  0  0]
 [ 0  0  0  0  0  0  1  0 30  0  0  0  0  0  0]
 [ 0  0  0  0  0  0  0  0  0 35  0  0  0  0  0]
 [ 0  0  0  0  0  0  1  0  0  0 34  0  0  0  0]
 [ 0  0  0  0  0  0  0  0  0  0  0 35  0  0  0]
 [ 0  0  0  0  0  0  0  0  0  0  0  0 35  0  0]
 [ 0  0  0  0  0  0  0  0  0  0  0  0  0 35  0]
 [ 0  0  0  0  0  0  0  0  0  0  0  0  0  0 35]]
Accuracy: 0.9961685823754789
Evaluation Report:              precision    recall  f1-score   support

           1       1.00      1.00      1.00        40
           2       1.00      1.00      1.00        35
           3       1.00      1.00      1.00        30
           4       1.00      1.00      1.00        37
           5       1.00      1.00      1.00        35
          13       1.00      1.00      1.00        40
          21       0.95      1.00      0.97        35
          23       1.00      1.00      1.00        29
          24       1.00      0.97      0.98        31
          28       1.00      1.00      1.00        35
          30       1.00      0.97      0.99        35
          31       1.00      1.00      1.00        35
          40       1.00      1.00      1.00        35
          41       1.00      1.00      1.00        35
          42       1.00      1.00      1.00        35

    accuracy                           1.00       522
   macro avg       1.00      1.00      1.00       522
weighted avg       1.00      1.00      1.00       522

============= WM =============
Testing the trained model:
Confusion Matrix:
[[ 5  0  0  0  0  0  0  0  0  0  0  0]
 [ 0  6  0  0  0  0  0  0  0  0  0  0]
 [ 0  0 10  0  0  0  0  0  0  0  0  0]
 [ 0  0  0  7  0  0  0  0  0  0  0  0]
 [ 0  0  0  0 10  0  0  0  0  0  0  0]
 [ 0  1  0  0  0  2  0  0  0  0  0  0]
 [ 0  0  0  0  0  0  3  0  0  0  0  0]
 [ 0  0  0  0  0  0  0  0  0  0  0  0]
 [ 0  0  0  0  0  0  0  1  0  0  0  0]
 [ 0  0  0  0  0  0  0  0  0  2  0  0]
 [ 0  0  0  0  0  0  0  0  0  0  4  0]
 [ 0  0  0  0  0  0  0  0  0  0  0  3]]
Accuracy: 0.9629629629629629
Evaluation Report:              precision    recall  f1-score   support

           1       1.00      1.00      1.00         5
           2       0.86      1.00      0.92         6
           3       1.00      1.00      1.00        10
           4       1.00      1.00      1.00         7
           5       1.00      1.00      1.00        10
          13       1.00      0.67      0.80         3
          21       1.00      1.00      1.00         3
          23       0.00      0.00      0.00         0
          24       0.00      0.00      0.00         1
          28       1.00      1.00      1.00         2
          30       1.00      1.00      1.00         4
          31       1.00      1.00      1.00         3

    accuracy                           0.96        54
   macro avg       0.82      0.81      0.81        54
weighted avg       0.97      0.96      0.96        54

============= MM =============
Testing the trained model:
Confusion Matrix:
[[5 0 0 0 0 0 0 0 0 0 0]
 [0 8 1 0 1 0 0 0 0 0 0]
 [0 0 8 0 0 1 1 0 0 0 0]
 [0 0 0 6 0 0 0 0 0 0 0]
 [0 1 0 2 6 1 0 0 0 0 0]
 [0 0 0 0 0 7 0 1 0 0 0]
 [0 0 0 0 0 0 9 0 0 0 1]
 [0 0 0 0 0 0 0 2 0 0 0]
 [0 0 0 0 0 0 0 0 4 0 0]
 [0 1 0 0 0 0 0 0 0 5 0]
 [0 0 0 0 0 0 0 0 0 0 0]]
Accuracy: 0.8450704225352113
Evaluation Report:              precision    recall  f1-score   support

           1       1.00      1.00      1.00         5
           2       0.80      0.80      0.80        10
           3       0.89      0.80      0.84        10
           4       0.75      1.00      0.86         6
           5       0.86      0.60      0.71        10
          13       0.78      0.88      0.82         8
          21       0.90      0.90      0.90        10
          28       0.67      1.00      0.80         2
          30       1.00      1.00      1.00         4
          31       1.00      0.83      0.91         6
          42       0.00      0.00      0.00         0

    accuracy                           0.85        71
   macro avg       0.79      0.80      0.79        71
weighted avg       0.87      0.85      0.85        71

============= HM =============
Testing the trained model:
Confusion Matrix:
[[5 0 0 0 0 0 0 0 0 0 0 0]
 [0 7 0 0 1 0 1 0 0 0 1 0]
 [0 0 7 0 2 0 1 0 0 0 0 0]
 [0 0 0 6 1 1 1 0 1 0 0 0]
 [0 1 0 0 8 1 0 0 0 0 0 0]
 [0 0 0 0 0 6 1 0 1 0 0 0]
 [0 0 0 0 1 0 7 1 0 0 0 1]
 [0 0 0 0 0 0 0 0 0 0 0 0]
 [0 0 0 0 0 0 0 0 4 0 0 0]
 [0 0 0 0 0 0 1 0 0 3 0 0]
 [0 0 0 0 0 0 0 0 0 0 0 0]
 [0 0 0 0 0 0 0 0 0 0 0 0]]
Accuracy: 0.7464788732394366
Evaluation Report:              precision    recall  f1-score   support

           1       1.00      1.00      1.00         5
           2       0.88      0.70      0.78        10
           3       1.00      0.70      0.82        10
           4       1.00      0.60      0.75        10
           5       0.62      0.80      0.70        10
          13       0.75      0.75      0.75         8
          21       0.58      0.70      0.64        10
          23       0.00      0.00      0.00         0
          28       0.67      1.00      0.80         4
          30       1.00      0.75      0.86         4
          41       0.00      0.00      0.00         0
          42       0.00      0.00      0.00         0

    accuracy                           0.75        71
   macro avg       0.62      0.58      0.59        71
weighted avg       0.82      0.75      0.77        71

============= Model =============
Testing the trained model:
Confusion Matrix:
[[40  0  0  0  0  0  0  0  0  0  0  0  0  0  0]
 [ 0 35  0  0  0  0  0  0  0  0  0  0  0  0  0]
 [ 0  0 30  0  0  0  0  0  0  0  0  0  0  0  0]
 [ 0  0  0 37  0  0  0  0  0  0  0  0  0  0  0]
 [ 0  0  0  0 35  0  0  0  0  0  0  0  0  0  0]
 [ 0  0  0  0  0 40  0  0  0  0  0  0  0  0  0]
 [ 0  0  0  0  0  0 35  0  0  0  0  0  0  0  0]
 [ 0  0  0  0  0  0  0 29  0  0  0  0  0  0  0]
 [ 0  0  0  0  0  0  0  0 31  0  0  0  0  0  0]
 [ 0  0  0  0  0  0  0  0  0 35  0  0  0  0  0]
 [ 0  0  0  0  0  0  0  0  0  0 35  0  0  0  0]
 [ 0  0  0  0  0  0  0  0  0  0  0 35  0  0  0]
 [ 0  0  0  0  0  0  0  0  0  0  0  0 35  0  0]
 [ 0  0  0  0  0  0  0  0  0  0  0  0  0 35  0]
 [ 0  0  0  0  0  0  0  0  0  0  0  0  0  0 35]]
Accuracy: 1.0
Evaluation Report:              precision    recall  f1-score   support

           1       1.00      1.00      1.00        40
           2       1.00      1.00      1.00        35
           3       1.00      1.00      1.00        30
           4       1.00      1.00      1.00        37
           5       1.00      1.00      1.00        35
          13       1.00      1.00      1.00        40
          21       1.00      1.00      1.00        35
          23       1.00      1.00      1.00        29
          24       1.00      1.00      1.00        31
          28       1.00      1.00      1.00        35
          30       1.00      1.00      1.00        35
          31       1.00      1.00      1.00        35
          40       1.00      1.00      1.00        35
          41       1.00      1.00      1.00        35
          42       1.00      1.00      1.00        35

    accuracy                           1.00       522
   macro avg       1.00      1.00      1.00       522
weighted avg       1.00      1.00      1.00       522

============= WM =============
Testing the trained model:
Confusion Matrix:
[[ 4  0  0  0  0  0  1  0  0  0  0  0  0]
 [ 0  6  0  0  0  0  0  0  0  0  0  0  0]
 [ 1  0  7  0  0  0  0  0  0  0  1  0  1]
 [ 0  0  0  6  0  0  0  0  0  0  0  1  0]
 [ 0  0  0  0 10  0  0  0  0  0  0  0  0]
 [ 0  1  0  0  0  1  0  0  0  0  0  1  0]
 [ 2  0  0  0  0  0  0  0  0  0  0  1  0]
 [ 0  0  0  0  0  0  0  0  0  0  0  0  0]
 [ 0  0  0  0  0  0  0  1  0  0  0  0  0]
 [ 0  1  0  0  0  0  0  0  0  1  0  0  0]
 [ 0  0  0  0  0  0  0  0  0  0  4  0  0]
 [ 1  1  0  0  0  0  0  0  0  0  0  1  0]
 [ 0  0  0  0  0  0  0  0  0  0  0  0  0]]
Accuracy: 0.7407407407407407
Evaluation Report:              precision    recall  f1-score   support

           1       0.50      0.80      0.62         5
           2       0.67      1.00      0.80         6
           3       1.00      0.70      0.82        10
           4       1.00      0.86      0.92         7
           5       1.00      1.00      1.00        10
          13       1.00      0.33      0.50         3
          21       0.00      0.00      0.00         3
          23       0.00      0.00      0.00         0
          24       0.00      0.00      0.00         1
          28       1.00      0.50      0.67         2
          30       0.80      1.00      0.89         4
          31       0.25      0.33      0.29         3
          41       0.00      0.00      0.00         0

    accuracy                           0.74        54
   macro avg       0.56      0.50      0.50        54
weighted avg       0.79      0.74      0.74        54

============= MM =============
Testing the trained model:
Confusion Matrix:
[[2 1 0 0 1 0 1 0 0 0 0 0]
 [4 5 0 1 0 0 0 0 0 0 0 0]
 [0 0 3 2 2 0 0 1 1 0 0 1]
 [0 0 0 5 0 0 1 0 0 0 0 0]
 [0 1 2 0 3 2 0 1 1 0 0 0]
 [0 2 0 1 1 3 0 0 1 0 0 0]
 [0 0 0 2 2 0 6 0 0 0 0 0]
 [0 0 0 0 0 0 0 0 0 0 0 0]
 [0 0 0 0 0 0 0 1 0 0 0 1]
 [0 0 0 0 0 1 0 0 0 2 1 0]
 [0 1 0 2 0 0 0 0 0 0 3 0]
 [0 0 0 0 0 0 0 0 0 0 0 0]]
Accuracy: 0.4507042253521127
Evaluation Report:              precision    recall  f1-score   support

           1       0.33      0.40      0.36         5
           2       0.50      0.50      0.50        10
           3       0.60      0.30      0.40        10
           4       0.38      0.83      0.53         6
           5       0.33      0.30      0.32        10
          13       0.50      0.38      0.43         8
          21       0.75      0.60      0.67        10
          24       0.00      0.00      0.00         0
          28       0.00      0.00      0.00         2
          30       1.00      0.50      0.67         4
          31       0.75      0.50      0.60         6
          41       0.00      0.00      0.00         0

    accuracy                           0.45        71
   macro avg       0.43      0.36      0.37        71
weighted avg       0.54      0.45      0.47        71

============= HM =============
Testing the trained model:
Confusion Matrix:
[[0 0 0 0 0 1 3 0 0 1 0 0 0 0]
 [0 3 1 0 2 1 0 0 2 0 0 0 0 1]
 [0 0 5 0 1 1 2 1 0 0 0 0 0 0]
 [2 0 0 2 0 1 2 0 1 1 1 0 0 0]
 [0 1 1 0 5 0 0 0 1 1 0 0 1 0]
 [1 0 0 0 2 1 2 1 0 0 0 0 1 0]
 [0 1 1 1 1 0 3 1 0 0 0 2 0 0]
 [0 0 0 0 0 0 0 0 0 0 0 0 0 0]
 [0 0 0 0 0 0 0 0 0 0 0 0 0 0]
 [0 1 0 0 0 1 0 0 0 1 1 0 0 0]
 [0 0 0 0 0 0 0 0 0 1 2 0 0 1]
 [0 0 0 0 0 0 0 0 0 0 0 0 0 0]
 [0 0 0 0 0 0 0 0 0 0 0 0 0 0]
 [0 0 0 0 0 0 0 0 0 0 0 0 0 0]]
Accuracy: 0.30985915492957744
Evaluation Report:              precision    recall  f1-score   support

           1       0.00      0.00      0.00         5
           2       0.50      0.30      0.38        10
           3       0.62      0.50      0.56        10
           4       0.67      0.20      0.31        10
           5       0.45      0.50      0.48        10
          13       0.17      0.12      0.14         8
          21       0.25      0.30      0.27        10
          23       0.00      0.00      0.00         0
          24       0.00      0.00      0.00         0
          28       0.20      0.25      0.22         4
          30       0.50      0.50      0.50         4
          31       0.00      0.00      0.00         0
          40       0.00      0.00      0.00         0
          42       0.00      0.00      0.00         0

    accuracy                           0.31        71
   macro avg       0.24      0.19      0.20        71
weighted avg       0.41      0.31      0.34        71

============= Model =============
Testing the trained model:
Confusion Matrix:
[[29  0  0  2  0  0  9  0  0  0  0  0  0  0  0]
 [ 1 18  0  0  1  3  9  0  0  0  1  1  1  0  0]
 [ 1  0 21  0  0  1  4  0  0  0  1  2  0  0  0]
 [ 1  0  0 29  1  2  4  0  0  0  0  0  0  0  0]
 [ 0  0  1  0 24  2  8  0  0  0  0  0  0  0  0]
 [ 1  2  0  1  0 23 11  0  0  2  0  0  0  0  0]
 [ 3  0  1  1  0  1 28  0  0  0  0  1  0  0  0]
 [ 0  0  0  1  0  1 14 12  0  0  0  0  1  0  0]
 [ 0  0  0  0  0  0  8  0 22  0  0  1  0  0  0]
 [ 3  0  0  0  2  2  5  0  0 19  2  1  1  0  0]
 [ 0  0  0  0  0  1  2  0  0  0 32  0  0  0  0]
 [ 1  1  2  0  0  3  3  0  0  0  1 24  0  0  0]
 [ 0  0  0  0  0  1  1  0  0  0  4  0 28  0  1]
 [ 0  0  0  0  0  1  1  0  0  0  0  0  0 33  0]
 [ 0  0  0  0  1  1  1  0  0  0  0  0  0  0 32]]
Accuracy: 0.7164750957854407
Evaluation Report:              precision    recall  f1-score   support

           1       0.72      0.72      0.72        40
           2       0.86      0.51      0.64        35
           3       0.84      0.70      0.76        30
           4       0.85      0.78      0.82        37
           5       0.83      0.69      0.75        35
          13       0.55      0.57      0.56        40
          21       0.26      0.80      0.39        35
          23       1.00      0.41      0.59        29
          24       1.00      0.71      0.83        31
          28       0.90      0.54      0.68        35
          30       0.78      0.91      0.84        35
          31       0.80      0.69      0.74        35
          40       0.90      0.80      0.85        35
          41       1.00      0.94      0.97        35
          42       0.97      0.91      0.94        35

    accuracy                           0.72       522
   macro avg       0.82      0.71      0.74       522
weighted avg       0.81      0.72      0.74       522

============= WM =============
Testing the trained model:
Confusion Matrix:
[[ 4  0  0  0  0  0  1  0  0  0  0  0]
 [ 0  6  0  0  0  0  0  0  0  0  0  0]
 [ 0  0  7  0  0  0  0  0  0  2  0  1]
 [ 0  0  0  7  0  0  0  0  0  0  0  0]
 [ 0  0  0  0 10  0  0  0  0  0  0  0]
 [ 0  0  0  0  0  2  1  0  0  0  0  0]
 [ 0  0  0  0  0  0  1  0  0  0  0  2]
 [ 0  0  0  0  0  0  0  0  0  0  0  0]
 [ 0  0  0  0  0  0  0  1  0  0  0  0]
 [ 0  0  0  0  0  0  0  0  0  2  0  0]
 [ 0  0  0  0  0  0  0  0  0  0  4  0]
 [ 0  0  0  0  0  0  0  0  0  0  0  3]]
Accuracy: 0.8518518518518519
Evaluation Report:              precision    recall  f1-score   support

           1       1.00      0.80      0.89         5
           2       1.00      1.00      1.00         6
           3       1.00      0.70      0.82        10
           4       1.00      1.00      1.00         7
           5       1.00      1.00      1.00        10
          13       1.00      0.67      0.80         3
          21       0.33      0.33      0.33         3
          23       0.00      0.00      0.00         0
          24       0.00      0.00      0.00         1
          28       0.50      1.00      0.67         2
          30       1.00      1.00      1.00         4
          31       0.50      1.00      0.67         3

    accuracy                           0.85        54
   macro avg       0.69      0.71      0.68        54
weighted avg       0.90      0.85      0.86        54

============= MM =============
Testing the trained model:
Confusion Matrix:
[[3 0 0 0 0 0 2 0 0 0 0]
 [1 2 0 0 0 1 4 0 0 2 0]
 [1 0 3 0 0 1 1 3 0 0 1]
 [0 0 0 4 1 0 1 0 0 0 0]
 [0 0 0 0 5 2 2 1 0 0 0]
 [0 0 0 0 1 6 1 0 0 0 0]
 [0 0 1 0 0 0 7 0 1 1 0]
 [0 0 0 0 0 1 0 1 0 0 0]
 [0 0 0 0 0 1 0 0 3 0 0]
 [0 0 0 0 0 0 1 0 0 5 0]
 [0 0 0 0 0 0 0 0 0 0 0]]
Accuracy: 0.5492957746478874
Evaluation Report:              precision    recall  f1-score   support

           1       0.60      0.60      0.60         5
           2       1.00      0.20      0.33        10
           3       0.75      0.30      0.43        10
           4       1.00      0.67      0.80         6
           5       0.71      0.50      0.59        10
          13       0.50      0.75      0.60         8
          21       0.37      0.70      0.48        10
          28       0.20      0.50      0.29         2
          30       0.75      0.75      0.75         4
          31       0.62      0.83      0.71         6
          41       0.00      0.00      0.00         0

    accuracy                           0.55        71
   macro avg       0.59      0.53      0.51        71
weighted avg       0.68      0.55      0.55        71

============= HM =============
Testing the trained model:
Confusion Matrix:
[[2 0 0 0 0 0 2 0 0 1]
 [0 1 0 0 0 1 8 0 0 0]
 [0 0 1 0 0 5 4 0 0 0]
 [0 0 0 6 0 1 3 0 0 0]
 [0 0 0 0 6 3 1 0 0 0]
 [1 0 0 0 0 3 4 0 0 0]
 [0 0 0 2 0 1 6 1 0 0]
 [0 0 0 0 0 0 0 0 0 0]
 [0 0 0 0 0 2 0 0 1 1]
 [0 0 0 0 0 0 3 0 0 1]]
Accuracy: 0.38028169014084506
Evaluation Report:              precision    recall  f1-score   support

           1       0.67      0.40      0.50         5
           2       1.00      0.10      0.18        10
           3       1.00      0.10      0.18        10
           4       0.75      0.60      0.67        10
           5       1.00      0.60      0.75        10
          13       0.19      0.38      0.25         8
          21       0.19      0.60      0.29        10
          24       0.00      0.00      0.00         0
          28       1.00      0.25      0.40         4
          30       0.33      0.25      0.29         4

    accuracy                           0.38        71
   macro avg       0.61      0.33      0.35        71
weighted avg       0.70      0.38      0.39        71

============= Model =============
Testing the trained model:
Confusion Matrix:
[[40  0  0  0  0  0  0  0  0  0  0  0  0  0  0]
 [ 0 35  0  0  0  0  0  0  0  0  0  0  0  0  0]
 [ 0  0 30  0  0  0  0  0  0  0  0  0  0  0  0]
 [ 0  0  0 37  0  0  0  0  0  0  0  0  0  0  0]
 [ 0  0  0  0 35  0  0  0  0  0  0  0  0  0  0]
 [ 0  0  0  0  0 40  0  0  0  0  0  0  0  0  0]
 [ 0  0  0  0  0  0 35  0  0  0  0  0  0  0  0]
 [ 0  0  0  0  0  0  0 29  0  0  0  0  0  0  0]
 [ 0  0  0  0  0  0  0  0 31  0  0  0  0  0  0]
 [ 0  0  0  0  0  0  0  0  0 35  0  0  0  0  0]
 [ 0  0  0  0  0  0  0  0  0  0 35  0  0  0  0]
 [ 0  0  0  0  0  0  0  0  0  0  0 35  0  0  0]
 [ 0  0  0  0  0  0  0  0  0  0  0  0 35  0  0]
 [ 0  0  0  0  0  0  0  0  0  0  0  0  0 35  0]
 [ 0  0  0  0  0  0  0  0  0  0  0  0  0  0 35]]
Accuracy: 1.0
Evaluation Report:              precision    recall  f1-score   support

           1       1.00      1.00      1.00        40
           2       1.00      1.00      1.00        35
           3       1.00      1.00      1.00        30
           4       1.00      1.00      1.00        37
           5       1.00      1.00      1.00        35
          13       1.00      1.00      1.00        40
          21       1.00      1.00      1.00        35
          23       1.00      1.00      1.00        29
          24       1.00      1.00      1.00        31
          28       1.00      1.00      1.00        35
          30       1.00      1.00      1.00        35
          31       1.00      1.00      1.00        35
          40       1.00      1.00      1.00        35
          41       1.00      1.00      1.00        35
          42       1.00      1.00      1.00        35

    accuracy                           1.00       522
   macro avg       1.00      1.00      1.00       522
weighted avg       1.00      1.00      1.00       522

============= WM =============
Testing the trained model:
Confusion Matrix:
[[ 5  0  0  0  0  0  0  0  0  0  0  0]
 [ 0  6  0  0  0  0  0  0  0  0  0  0]
 [ 0  0 10  0  0  0  0  0  0  0  0  0]
 [ 0  0  0  7  0  0  0  0  0  0  0  0]
 [ 0  0  0  0 10  0  0  0  0  0  0  0]
 [ 0  0  0  0  0  2  0  1  0  0  0  0]
 [ 0  0  0  0  0  0  3  0  0  0  0  0]
 [ 0  0  0  0  0  0  0  0  0  0  0  0]
 [ 0  0  0  0  0  0  0  1  0  0  0  0]
 [ 0  0  0  0  0  0  0  0  0  2  0  0]
 [ 0  0  0  0  0  0  0  0  0  0  4  0]
 [ 0  0  0  0  0  0  0  0  0  0  0  3]]
Accuracy: 0.9629629629629629
Evaluation Report:              precision    recall  f1-score   support

           1       1.00      1.00      1.00         5
           2       1.00      1.00      1.00         6
           3       1.00      1.00      1.00        10
           4       1.00      1.00      1.00         7
           5       1.00      1.00      1.00        10
          13       1.00      0.67      0.80         3
          21       1.00      1.00      1.00         3
          23       0.00      0.00      0.00         0
          24       0.00      0.00      0.00         1
          28       1.00      1.00      1.00         2
          30       1.00      1.00      1.00         4
          31       1.00      1.00      1.00         3

    accuracy                           0.96        54
   macro avg       0.83      0.81      0.82        54
weighted avg       0.98      0.96      0.97        54

============= MM =============
Testing the trained model:
Confusion Matrix:
[[5 0 0 0 0 0 0 0 0 0 0 0]
 [0 9 0 0 1 0 0 0 0 0 0 0]
 [0 1 6 0 0 1 1 1 0 0 0 0]
 [0 0 0 6 0 0 0 0 0 0 0 0]
 [0 0 0 1 8 0 0 0 1 0 0 0]
 [0 0 1 0 0 7 0 0 0 0 0 0]
 [0 0 1 0 0 0 8 0 0 0 0 1]
 [0 0 0 0 0 0 0 0 0 0 0 0]
 [0 0 0 0 0 0 0 0 2 0 0 0]
 [0 0 0 0 0 0 0 0 0 4 0 0]
 [0 1 0 0 0 0 0 0 0 0 5 0]
 [0 0 0 0 0 0 0 0 0 0 0 0]]
Accuracy: 0.8450704225352113
Evaluation Report:              precision    recall  f1-score   support

           1       1.00      1.00      1.00         5
           2       0.82      0.90      0.86        10
           3       0.75      0.60      0.67        10
           4       0.86      1.00      0.92         6
           5       0.89      0.80      0.84        10
          13       0.88      0.88      0.88         8
          21       0.89      0.80      0.84        10
          23       0.00      0.00      0.00         0
          28       0.67      1.00      0.80         2
          30       1.00      1.00      1.00         4
          31       1.00      0.83      0.91         6
          42       0.00      0.00      0.00         0

    accuracy                           0.85        71
   macro avg       0.73      0.73      0.73        71
weighted avg       0.87      0.85      0.85        71

============= HM =============
Testing the trained model:
Confusion Matrix:
[[4 0 0 0 0 0 0 1 0 0]
 [0 8 0 0 1 0 1 0 0 0]
 [0 0 8 0 0 1 0 1 0 0]
 [0 2 0 7 0 1 0 0 0 0]
 [0 0 0 0 9 1 0 0 0 0]
 [0 0 1 0 0 6 1 0 0 0]
 [0 0 0 0 1 0 6 1 0 2]
 [0 0 0 0 0 0 0 0 0 0]
 [0 0 0 0 0 0 0 0 4 0]
 [0 1 0 0 0 0 0 0 0 3]]
Accuracy: 0.7746478873239436
Evaluation Report:              precision    recall  f1-score   support

           1       1.00      0.80      0.89         5
           2       0.73      0.80      0.76        10
           3       0.89      0.80      0.84        10
           4       1.00      0.70      0.82        10
           5       0.82      0.90      0.86        10
          13       0.67      0.75      0.71         8
          21       0.75      0.60      0.67        10
          23       0.00      0.00      0.00         0
          28       1.00      1.00      1.00         4
          30       0.60      0.75      0.67         4

    accuracy                           0.77        71
   macro avg       0.75      0.71      0.72        71
weighted avg       0.83      0.77      0.79        71

============= Model =============
Testing the trained model:
Confusion Matrix:
[[40  0  0  0  0  0  0  0  0  0  0  0  0  0  0]
 [ 0 35  0  0  0  0  0  0  0  0  0  0  0  0  0]
 [ 0  0 30  0  0  0  0  0  0  0  0  0  0  0  0]
 [ 0  0  0 37  0  0  0  0  0  0  0  0  0  0  0]
 [ 0  0  0  0 35  0  0  0  0  0  0  0  0  0  0]
 [ 0  0  0  0  0 40  0  0  0  0  0  0  0  0  0]
 [ 0  0  0  0  0  0 35  0  0  0  0  0  0  0  0]
 [ 0  0  0  0  0  0  0 29  0  0  0  0  0  0  0]
 [ 0  0  0  0  0  0  0  0 31  0  0  0  0  0  0]
 [ 0  0  0  0  0  0  0  0  0 35  0  0  0  0  0]
 [ 0  0  0  0  0  0  0  0  0  0 35  0  0  0  0]
 [ 0  0  0  0  0  0  0  0  0  0  0 35  0  0  0]
 [ 0  0  0  0  0  0  0  0  0  0  0  0 35  0  0]
 [ 0  0  0  0  0  0  0  0  0  0  0  0  0 35  0]
 [ 0  0  0  0  0  0  0  0  0  0  0  0  0  0 35]]
Accuracy: 1.0
Evaluation Report:              precision    recall  f1-score   support

           1       1.00      1.00      1.00        40
           2       1.00      1.00      1.00        35
           3       1.00      1.00      1.00        30
           4       1.00      1.00      1.00        37
           5       1.00      1.00      1.00        35
          13       1.00      1.00      1.00        40
          21       1.00      1.00      1.00        35
          23       1.00      1.00      1.00        29
          24       1.00      1.00      1.00        31
          28       1.00      1.00      1.00        35
          30       1.00      1.00      1.00        35
          31       1.00      1.00      1.00        35
          40       1.00      1.00      1.00        35
          41       1.00      1.00      1.00        35
          42       1.00      1.00      1.00        35

    accuracy                           1.00       522
   macro avg       1.00      1.00      1.00       522
weighted avg       1.00      1.00      1.00       522

============= WM =============
Testing the trained model:
Confusion Matrix:
[[ 5  0  0  0  0  0  0  0  0  0  0  0]
 [ 0  6  0  0  0  0  0  0  0  0  0  0]
 [ 0  0 10  0  0  0  0  0  0  0  0  0]
 [ 0  0  0  7  0  0  0  0  0  0  0  0]
 [ 0  0  0  0 10  0  0  0  0  0  0  0]
 [ 0  0  0  0  0  3  0  0  0  0  0  0]
 [ 0  1  0  0  0  0  2  0  0  0  0  0]
 [ 0  0  0  0  0  0  0  0  0  0  0  0]
 [ 0  0  0  0  0  0  0  1  0  0  0  0]
 [ 0  0  0  0  0  0  0  0  0  2  0  0]
 [ 0  0  0  0  0  0  0  0  0  0  4  0]
 [ 0  0  0  0  0  0  0  0  0  0  0  3]]
Accuracy: 0.9629629629629629
Evaluation Report:              precision    recall  f1-score   support

           1       1.00      1.00      1.00         5
           2       0.86      1.00      0.92         6
           3       1.00      1.00      1.00        10
           4       1.00      1.00      1.00         7
           5       1.00      1.00      1.00        10
          13       1.00      1.00      1.00         3
          21       1.00      0.67      0.80         3
          23       0.00      0.00      0.00         0
          24       0.00      0.00      0.00         1
          28       1.00      1.00      1.00         2
          30       1.00      1.00      1.00         4
          31       1.00      1.00      1.00         3

    accuracy                           0.96        54
   macro avg       0.82      0.81      0.81        54
weighted avg       0.97      0.96      0.96        54

============= MM =============
Testing the trained model:
Confusion Matrix:
[[5 0 0 0 0 0 0 0 0 0 0 0]
 [1 7 0 0 0 0 0 1 0 0 1 0]
 [0 0 7 0 0 2 0 0 1 0 0 0]
 [0 0 0 6 0 0 0 0 0 0 0 0]
 [0 1 0 0 8 0 1 0 0 0 0 0]
 [0 0 0 0 1 7 0 0 0 0 0 0]
 [0 0 0 0 0 1 7 1 0 0 0 1]
 [0 0 0 0 0 0 0 0 0 0 0 0]
 [0 0 0 0 0 1 0 0 1 0 0 0]
 [0 1 0 0 0 0 0 0 0 3 0 0]
 [0 1 0 0 0 0 0 0 0 0 5 0]
 [0 0 0 0 0 0 0 0 0 0 0 0]]
Accuracy: 0.7887323943661971
Evaluation Report:              precision    recall  f1-score   support

           1       0.83      1.00      0.91         5
           2       0.70      0.70      0.70        10
           3       1.00      0.70      0.82        10
           4       1.00      1.00      1.00         6
           5       0.89      0.80      0.84        10
          13       0.64      0.88      0.74         8
          21       0.88      0.70      0.78        10
          23       0.00      0.00      0.00         0
          28       0.50      0.50      0.50         2
          30       1.00      0.75      0.86         4
          31       0.83      0.83      0.83         6
          42       0.00      0.00      0.00         0

    accuracy                           0.79        71
   macro avg       0.69      0.65      0.66        71
weighted avg       0.84      0.79      0.81        71

============= HM =============
Testing the trained model:
Confusion Matrix:
[[3 0 0 0 0 1 1 0 0 0 0 0 0]
 [0 4 0 0 0 1 1 0 1 0 2 1 0]
 [0 1 4 0 0 0 3 1 0 0 0 0 1]
 [0 0 0 5 1 0 2 0 2 0 0 0 0]
 [0 3 0 0 4 1 1 0 1 0 0 0 0]
 [0 0 0 0 1 4 0 0 0 1 2 0 0]
 [0 0 0 2 0 0 5 2 1 0 0 0 0]
 [0 0 0 0 0 0 0 0 0 0 0 0 0]
 [0 0 0 0 0 0 0 0 0 0 0 0 0]
 [0 0 0 0 0 0 0 0 0 4 0 0 0]
 [0 1 0 0 0 0 0 0 0 0 3 0 0]
 [0 0 0 0 0 0 0 0 0 0 0 0 0]
 [0 0 0 0 0 0 0 0 0 0 0 0 0]]
Accuracy: 0.5070422535211268
Evaluation Report:              precision    recall  f1-score   support

           1       1.00      0.60      0.75         5
           2       0.44      0.40      0.42        10
           3       1.00      0.40      0.57        10
           4       0.71      0.50      0.59        10
           5       0.67      0.40      0.50        10
          13       0.57      0.50      0.53         8
          21       0.38      0.50      0.43        10
          23       0.00      0.00      0.00         0
          24       0.00      0.00      0.00         0
          28       0.80      1.00      0.89         4
          30       0.43      0.75      0.55         4
          40       0.00      0.00      0.00         0
          42       0.00      0.00      0.00         0

    accuracy                           0.51        71
   macro avg       0.46      0.39      0.40        71
weighted avg       0.66      0.51      0.55        71

============= Model =============
Testing the trained model:
Confusion Matrix:
[[23  2  2  2  0  1  4  0  0  1  2  0  0  3  0]
 [ 3 13  1  1  3  2  5  1  0  1  1  3  0  0  1]
 [ 1  1 17  3  2  0  2  0  1  2  0  0  0  1  0]
 [ 3  1  1 20  1  2  3  0  0  2  2  0  0  2  0]
 [ 0  3  2  0 24  0  1  0  1  2  0  0  0  2  0]
 [ 2  2  3  1  2 16  3  0  0  4  1  1  1  2  2]
 [ 2  2  4  1  0  0 19  0  2  1  2  0  0  1  1]
 [ 3  0  2  2  1  1  2  9  0  1  3  1  1  3  0]
 [ 1  1  3  1  6  0  1  1 15  0  2  0  0  0  0]
 [ 3  1  2  0  3  2  1  0  0 18  1  0  0  0  4]
 [ 0  3  3  0  1  2  2  0  2  3 15  0  1  0  3]
 [ 0  2  1  4  1  3  3  0  0  0  2 16  1  1  1]
 [ 0  0  0  0  1  0  1  0  0  0  1  0 29  0  3]
 [ 0  0  0  0  1  1  0  0  1  2  0  0  0 30  0]
 [ 1  0  0  1  1  1  0  0  1  0  0  0  1  0 29]]
Accuracy: 0.5613026819923371
Evaluation Report:              precision    recall  f1-score   support

           1       0.55      0.57      0.56        40
           2       0.42      0.37      0.39        35
           3       0.41      0.57      0.48        30
           4       0.56      0.54      0.55        37
           5       0.51      0.69      0.59        35
          13       0.52      0.40      0.45        40
          21       0.40      0.54      0.46        35
          23       0.82      0.31      0.45        29
          24       0.65      0.48      0.56        31
          28       0.49      0.51      0.50        35
          30       0.47      0.43      0.45        35
          31       0.76      0.46      0.57        35
          40       0.85      0.83      0.84        35
          41       0.67      0.86      0.75        35
          42       0.66      0.83      0.73        35

    accuracy                           0.56       522
   macro avg       0.58      0.56      0.56       522
weighted avg       0.58      0.56      0.56       522

============= WM =============
Testing the trained model:
Confusion Matrix:
[[4 0 0 0 0 0 1 0 0 0 0 0 0]
 [1 3 0 0 0 0 0 0 0 0 1 1 0]
 [2 0 6 0 0 0 1 0 0 0 0 0 1]
 [0 0 0 7 0 0 0 0 0 0 0 0 0]
 [0 1 2 1 6 0 0 0 0 0 0 0 0]
 [1 0 0 0 0 0 1 0 0 1 0 0 0]
 [1 0 1 1 0 0 0 0 0 0 0 0 0]
 [0 0 0 0 0 0 0 0 0 0 0 0 0]
 [0 0 0 0 0 0 0 1 0 0 0 0 0]
 [2 0 0 0 0 0 0 0 0 0 0 0 0]
 [0 1 0 0 0 0 0 0 0 1 2 0 0]
 [1 0 0 0 0 0 0 0 0 0 0 2 0]
 [0 0 0 0 0 0 0 0 0 0 0 0 0]]
Accuracy: 0.5555555555555556
Evaluation Report:              precision    recall  f1-score   support

           1       0.33      0.80      0.47         5
           2       0.60      0.50      0.55         6
           3       0.67      0.60      0.63        10
           4       0.78      1.00      0.88         7
           5       1.00      0.60      0.75        10
          13       0.00      0.00      0.00         3
          21       0.00      0.00      0.00         3
          23       0.00      0.00      0.00         0
          24       0.00      0.00      0.00         1
          28       0.00      0.00      0.00         2
          30       0.67      0.50      0.57         4
          31       0.67      0.67      0.67         3
          42       0.00      0.00      0.00         0

    accuracy                           0.56        54
   macro avg       0.36      0.36      0.35        54
weighted avg       0.59      0.56      0.55        54

============= MM =============
Testing the trained model:
Confusion Matrix:
[[3 1 0 0 0 0 0 1 0 0 0 0 0]
 [1 4 1 0 0 1 0 0 1 0 1 0 1]
 [0 0 3 1 1 0 2 0 1 0 0 1 1]
 [3 0 1 0 0 0 1 0 0 1 0 0 0]
 [0 0 0 0 3 2 2 0 2 0 0 0 1]
 [0 1 1 0 0 3 0 1 1 0 1 0 0]
 [0 1 0 1 1 0 4 0 0 3 0 0 0]
 [0 0 0 0 0 0 0 0 0 0 0 0 0]
 [0 0 0 0 0 1 0 0 1 0 0 0 0]
 [0 1 0 1 0 0 0 0 0 2 0 0 0]
 [1 0 0 1 0 0 0 0 0 0 3 0 1]
 [0 0 0 0 0 0 0 0 0 0 0 0 0]
 [0 0 0 0 0 0 0 0 0 0 0 0 0]]
Accuracy: 0.36619718309859156
Evaluation Report:              precision    recall  f1-score   support

           1       0.38      0.60      0.46         5
           2       0.50      0.40      0.44        10
           3       0.50      0.30      0.38        10
           4       0.00      0.00      0.00         6
           5       0.60      0.30      0.40        10
          13       0.43      0.38      0.40         8
          21       0.44      0.40      0.42        10
          23       0.00      0.00      0.00         0
          28       0.17      0.50      0.25         2
          30       0.33      0.50      0.40         4
          31       0.60      0.50      0.55         6
          41       0.00      0.00      0.00         0
          42       0.00      0.00      0.00         0

    accuracy                           0.37        71
   macro avg       0.30      0.30      0.28        71
weighted avg       0.44      0.37      0.38        71

============= HM =============
Testing the trained model:
Confusion Matrix:
[[2 0 0 0 1 1 1 0 0 0 0 0]
 [1 1 0 1 3 1 3 0 0 0 0 0]
 [0 0 3 0 0 0 3 1 0 1 1 1]
 [0 0 2 0 2 1 1 0 1 0 2 1]
 [0 2 1 0 3 0 1 0 0 0 2 1]
 [0 1 1 1 0 4 0 0 0 0 1 0]
 [1 0 2 0 0 0 1 0 0 1 3 2]
 [0 0 0 0 0 0 0 0 0 0 0 0]
 [0 0 0 0 0 2 0 0 1 1 0 0]
 [0 0 0 1 0 0 0 0 0 3 0 0]
 [0 0 0 0 0 0 0 0 0 0 0 0]
 [0 0 0 0 0 0 0 0 0 0 0 0]]
Accuracy: 0.2535211267605634
Evaluation Report:              precision    recall  f1-score   support

           1       0.50      0.40      0.44         5
           2       0.25      0.10      0.14        10
           3       0.33      0.30      0.32        10
           4       0.00      0.00      0.00        10
           5       0.33      0.30      0.32        10
          13       0.44      0.50      0.47         8
          21       0.10      0.10      0.10        10
          24       0.00      0.00      0.00         0
          28       0.50      0.25      0.33         4
          30       0.50      0.75      0.60         4
          41       0.00      0.00      0.00         0
          42       0.00      0.00      0.00         0

    accuracy                           0.25        71
   macro avg       0.25      0.23      0.23        71
weighted avg       0.28      0.25      0.26        71

============= Model =============
Testing the trained model:
Confusion Matrix:
[[40  0  0  0  0  0  0  0  0  0  0  0  0  0  0]
 [ 0 35  0  0  0  0  0  0  0  0  0  0  0  0  0]
 [ 0  0 30  0  0  0  0  0  0  0  0  0  0  0  0]
 [ 0  0  0 37  0  0  0  0  0  0  0  0  0  0  0]
 [ 0  0  0  0 35  0  0  0  0  0  0  0  0  0  0]
 [ 0  0  0  0  0 40  0  0  0  0  0  0  0  0  0]
 [ 0  0  0  0  0  0 35  0  0  0  0  0  0  0  0]
 [ 0  0  0  0  0  0  0 29  0  0  0  0  0  0  0]
 [ 0  0  0  0  0  0  0  0 31  0  0  0  0  0  0]
 [ 0  0  0  0  0  0  0  0  0 35  0  0  0  0  0]
 [ 0  0  0  0  0  0  0  0  0  0 35  0  0  0  0]
 [ 0  0  0  0  0  0  0  0  0  0  0 35  0  0  0]
 [ 0  0  0  0  0  0  0  0  0  0  0  0 35  0  0]
 [ 0  0  0  0  0  0  0  0  0  0  0  0  0 35  0]
 [ 0  0  0  0  0  0  0  0  0  0  0  0  0  0 35]]
Accuracy: 1.0
Evaluation Report:              precision    recall  f1-score   support

           1       1.00      1.00      1.00        40
           2       1.00      1.00      1.00        35
           3       1.00      1.00      1.00        30
           4       1.00      1.00      1.00        37
           5       1.00      1.00      1.00        35
          13       1.00      1.00      1.00        40
          21       1.00      1.00      1.00        35
          23       1.00      1.00      1.00        29
          24       1.00      1.00      1.00        31
          28       1.00      1.00      1.00        35
          30       1.00      1.00      1.00        35
          31       1.00      1.00      1.00        35
          40       1.00      1.00      1.00        35
          41       1.00      1.00      1.00        35
          42       1.00      1.00      1.00        35

    accuracy                           1.00       522
   macro avg       1.00      1.00      1.00       522
weighted avg       1.00      1.00      1.00       522

============= WM =============
Testing the trained model:
Confusion Matrix:
[[ 5  0  0  0  0  0  0  0  0  0  0  0]
 [ 0  6  0  0  0  0  0  0  0  0  0  0]
 [ 0  0 10  0  0  0  0  0  0  0  0  0]
 [ 0  0  0  7  0  0  0  0  0  0  0  0]
 [ 0  1  0  0  9  0  0  0  0  0  0  0]
 [ 0  1  0  0  0  2  0  0  0  0  0  0]
 [ 0  0  0  0  0  0  3  0  0  0  0  0]
 [ 0  0  0  0  0  0  0  0  0  0  0  0]
 [ 0  0  0  0  0  0  0  1  0  0  0  0]
 [ 0  0  0  0  0  0  0  0  0  2  0  0]
 [ 0  0  0  0  0  0  0  0  0  0  4  0]
 [ 0  0  0  0  0  0  0  0  0  0  0  3]]
Accuracy: 0.9444444444444444
Evaluation Report:              precision    recall  f1-score   support

           1       1.00      1.00      1.00         5
           2       0.75      1.00      0.86         6
           3       1.00      1.00      1.00        10
           4       1.00      1.00      1.00         7
           5       1.00      0.90      0.95        10
          13       1.00      0.67      0.80         3
          21       1.00      1.00      1.00         3
          23       0.00      0.00      0.00         0
          24       0.00      0.00      0.00         1
          28       1.00      1.00      1.00         2
          30       1.00      1.00      1.00         4
          31       1.00      1.00      1.00         3

    accuracy                           0.94        54
   macro avg       0.81      0.80      0.80        54
weighted avg       0.95      0.94      0.94        54

============= MM =============
Testing the trained model:
Confusion Matrix:
[[4 0 0 0 1 0 0 0 0 0 0 0 0]
 [0 9 0 0 1 0 0 0 0 0 0 0 0]
 [0 0 6 1 2 0 0 0 0 0 0 0 1]
 [0 0 0 6 0 0 0 0 0 0 0 0 0]
 [0 0 0 0 8 0 0 0 1 1 0 0 0]
 [0 0 0 0 0 8 0 0 0 0 0 0 0]
 [0 0 0 0 0 0 9 1 0 0 0 0 0]
 [0 0 0 0 0 0 0 0 0 0 0 0 0]
 [0 0 0 0 0 0 0 0 0 0 0 0 0]
 [0 0 0 0 0 1 0 0 0 1 0 0 0]
 [0 0 0 0 0 0 0 0 0 0 4 0 0]
 [0 0 0 0 0 0 0 0 0 0 0 6 0]
 [0 0 0 0 0 0 0 0 0 0 0 0 0]]
Accuracy: 0.8591549295774648
Evaluation Report:              precision    recall  f1-score   support

           1       1.00      0.80      0.89         5
           2       1.00      0.90      0.95        10
           3       1.00      0.60      0.75        10
           4       0.86      1.00      0.92         6
           5       0.67      0.80      0.73        10
          13       0.89      1.00      0.94         8
          21       1.00      0.90      0.95        10
          23       0.00      0.00      0.00         0
          24       0.00      0.00      0.00         0
          28       0.50      0.50      0.50         2
          30       1.00      1.00      1.00         4
          31       1.00      1.00      1.00         6
          41       0.00      0.00      0.00         0

    accuracy                           0.86        71
   macro avg       0.69      0.65      0.66        71
weighted avg       0.91      0.86      0.88        71

============= HM =============
Testing the trained model:
Confusion Matrix:
[[5 0 0 0 0 0 0 0 0 0 0 0]
 [0 5 0 0 2 2 0 0 1 0 0 0]
 [0 1 4 0 0 1 1 2 0 0 0 1]
 [0 1 0 7 0 0 1 0 0 0 1 0]
 [0 1 0 0 5 4 0 0 0 0 0 0]
 [0 1 0 0 0 7 0 0 0 0 0 0]
 [0 0 0 0 0 1 7 1 0 0 1 0]
 [0 0 0 0 0 0 0 0 0 0 0 0]
 [0 0 0 0 0 0 0 0 4 0 0 0]
 [0 1 0 0 0 0 0 0 0 3 0 0]
 [0 0 0 0 0 0 0 0 0 0 0 0]
 [0 0 0 0 0 0 0 0 0 0 0 0]]
Accuracy: 0.6619718309859155
Evaluation Report:              precision    recall  f1-score   support

           1       1.00      1.00      1.00         5
           2       0.50      0.50      0.50        10
           3       1.00      0.40      0.57        10
           4       1.00      0.70      0.82        10
           5       0.71      0.50      0.59        10
          13       0.47      0.88      0.61         8
          21       0.78      0.70      0.74        10
          23       0.00      0.00      0.00         0
          28       0.80      1.00      0.89         4
          30       1.00      0.75      0.86         4
          31       0.00      0.00      0.00         0
          42       0.00      0.00      0.00         0

    accuracy                           0.66        71
   macro avg       0.60      0.54      0.55        71
weighted avg       0.79      0.66      0.69        71

