====================================
Accuracy Model: 1.0
============= Model =============
Testing the trained model:
Confusion Matrix:
[[21  0  0  0  0  0  0  0  0  0  0  0  0  0  0  0  0  0  0  0  0  0  0  0
   0  0  0  0  0  0]
 [ 0 21  0  0  0  0  0  0  0  0  0  0  0  0  0  0  0  0  0  0  0  0  0  0
   0  0  0  0  0  0]
 [ 0  0 22  0  0  0  0  0  0  0  0  0  0  0  0  0  0  0  0  0  0  0  0  0
   0  0  0  0  0  0]
 [ 0  0  0 20  0  0  0  0  0  0  0  0  0  0  0  0  0  0  0  0  0  0  0  0
   0  0  0  0  0  0]
 [ 0  0  0  0  1  0  0  0  0  0  0  0  0  0  0  0  0  0  0  0  0  0  0  0
   0  0  0  0  0  0]
 [ 0  0  0  0  0  1  0  0  0  0  0  0  0  0  0  0  0  0  0  0  0  0  0  0
   0  0  0  0  0  0]
 [ 0  0  0  0  0  0 20  0  0  0  0  0  0  0  0  0  0  0  0  0  0  0  0  0
   0  0  0  0  0  0]
 [ 0  0  0  0  0  0  0 21  0  0  0  0  0  0  0  0  0  0  0  0  0  0  0  0
   0  0  0  0  0  0]
 [ 0  0  0  0  0  0  0  0 21  0  0  0  0  0  0  0  0  0  0  0  0  0  0  0
   0  0  0  0  0  0]
 [ 0  0  0  0  0  0  0  0  0 21  0  0  0  0  0  0  0  0  0  0  0  0  0  0
   0  0  0  0  0  0]
 [ 0  0  0  0  0  0  0  0  0  0 19  0  0  0  0  0  0  0  0  0  0  0  0  0
   0  0  0  0  0  0]
 [ 0  0  0  0  0  0  0  0  0  0  0 20  0  0  0  0  0  0  0  0  0  0  0  0
   0  0  0  0  0  0]
 [ 0  0  0  0  0  0  0  0  0  0  0  0  6  0  0  0  0  0  0  0  0  0  0  0
   0  0  0  0  0  0]
 [ 0  0  0  0  0  0  0  0  0  0  0  0  0  6  0  0  0  0  0  0  0  0  0  0
   0  0  0  0  0  0]
 [ 0  0  0  0  0  0  0  0  0  0  0  0  0  0  8  0  0  0  0  0  0  0  0  0
   0  0  0  0  0  0]
 [ 0  0  0  0  0  0  0  0  0  0  0  0  0  0  0  6  0  0  0  0  0  0  0  0
   0  0  0  0  0  0]
 [ 0  0  0  0  0  0  0  0  0  0  0  0  0  0  0  0 17  0  0  0  0  0  0  0
   0  0  0  0  0  0]
 [ 0  0  0  0  0  0  0  0  0  0  0  0  0  0  0  0  0  7  0  0  0  0  0  0
   0  0  0  0  0  0]
 [ 0  0  0  0  0  0  0  0  0  0  0  0  0  0  0  0  0  0  9  0  0  0  0  0
   0  0  0  0  0  0]
 [ 0  0  0  0  0  0  0  0  0  0  0  0  0  0  0  0  0  0  0 10  0  0  0  0
   0  0  0  0  0  0]
 [ 0  0  0  0  0  0  0  0  0  0  0  0  0  0  0  0  0  0  0  0 11  0  0  0
   0  0  0  0  0  0]
 [ 0  0  0  0  0  0  0  0  0  0  0  0  0  0  0  0  0  0  0  0  0  7  0  0
   0  0  0  0  0  0]
 [ 0  0  0  0  0  0  0  0  0  0  0  0  0  0  0  0  0  0  0  0  0  0  1  0
   0  0  0  0  0  0]
 [ 0  0  0  0  0  0  0  0  0  0  0  0  0  0  0  0  0  0  0  0  0  0  0 14
   0  0  0  0  0  0]
 [ 0  0  0  0  0  0  0  0  0  0  0  0  0  0  0  0  0  0  0  0  0  0  0  0
  21  0  0  0  0  0]
 [ 0  0  0  0  0  0  0  0  0  0  0  0  0  0  0  0  0  0  0  0  0  0  0  0
   0 21  0  0  0  0]
 [ 0  0  0  0  0  0  0  0  0  0  0  0  0  0  0  0  0  0  0  0  0  0  0  0
   0  0 21  0  0  0]
 [ 0  0  0  0  0  0  0  0  0  0  0  0  0  0  0  0  0  0  0  0  0  0  0  0
   0  0  0 20  0  0]
 [ 0  0  0  0  0  0  0  0  0  0  0  0  0  0  0  0  0  0  0  0  0  0  0  0
   0  0  0  0 21  0]
 [ 0  0  0  0  0  0  0  0  0  0  0  0  0  0  0  0  0  0  0  0  0  0  0  0
   0  0  0  0  0 21]]
Accuracy: 1.0
Evaluation Report:              precision    recall  f1-score   support

           1       1.00      1.00      1.00        21
           2       1.00      1.00      1.00        21
           3       1.00      1.00      1.00        22
           4       1.00      1.00      1.00        20
           5       1.00      1.00      1.00         1
           7       1.00      1.00      1.00         1
           9       1.00      1.00      1.00        20
          12       1.00      1.00      1.00        21
          14       1.00      1.00      1.00        21
          19       1.00      1.00      1.00        21
          24       1.00      1.00      1.00        19
          25       1.00      1.00      1.00        20
          26       1.00      1.00      1.00         6
          27       1.00      1.00      1.00         6
          28       1.00      1.00      1.00         8
          29       1.00      1.00      1.00         6
          30       1.00      1.00      1.00        17
          32       1.00      1.00      1.00         7
          33       1.00      1.00      1.00         9
          34       1.00      1.00      1.00        10
          35       1.00      1.00      1.00        11
          36       1.00      1.00      1.00         7
          48       1.00      1.00      1.00         1
          62       1.00      1.00      1.00        14
          63       1.00      1.00      1.00        21
          64       1.00      1.00      1.00        21
          65       1.00      1.00      1.00        21
          66       1.00      1.00      1.00        20
          77       1.00      1.00      1.00        21
          78       1.00      1.00      1.00        21

    accuracy                           1.00       435
   macro avg       1.00      1.00      1.00       435
weighted avg       1.00      1.00      1.00       435

============= WM =============
Testing the trained model:
Confusion Matrix:
[[3 0 0 0 0 0 0 0 0 0 0 0 0 0 0 0 0 0 0 0 0 0 0 0]
 [0 3 0 0 0 0 0 0 0 0 0 0 0 0 0 0 0 0 0 0 0 0 0 0]
 [0 0 3 0 0 0 0 0 0 0 0 0 0 0 0 0 0 0 0 0 0 0 0 0]
 [0 0 0 3 0 0 0 0 0 0 0 0 0 0 0 0 0 0 0 0 0 0 0 0]
 [0 0 0 0 3 0 0 0 0 0 0 0 0 0 0 0 0 0 0 0 0 0 0 0]
 [0 0 0 0 0 3 0 0 0 0 0 0 0 0 0 0 0 0 0 0 0 0 0 0]
 [0 0 0 0 0 0 3 0 0 0 0 0 0 0 0 0 0 0 0 0 0 0 0 0]
 [0 0 1 0 0 0 0 2 0 0 0 0 0 0 0 0 0 0 0 0 0 0 0 0]
 [0 0 0 0 0 0 0 0 2 0 0 0 0 0 0 0 0 0 0 0 0 0 0 0]
 [0 0 0 0 0 0 0 0 0 2 0 0 0 0 0 0 1 0 0 0 0 0 0 0]
 [0 0 0 0 0 0 0 0 0 0 1 0 0 0 0 0 0 0 0 0 0 0 0 0]
 [0 0 0 0 0 0 0 0 0 0 0 2 0 0 0 0 0 0 0 0 0 0 0 0]
 [0 0 0 0 0 0 0 0 0 0 0 0 1 0 0 0 0 0 0 0 0 0 0 0]
 [0 0 0 0 0 0 0 0 0 0 0 0 0 1 0 0 0 0 0 0 0 0 0 0]
 [1 0 0 0 0 0 0 0 0 0 0 0 0 0 0 0 0 0 0 0 0 0 0 0]
 [0 0 0 0 0 0 0 0 0 0 0 0 0 0 0 1 0 0 0 0 0 0 0 0]
 [0 0 0 0 0 0 0 0 0 0 0 0 0 0 0 0 0 0 0 0 0 0 0 0]
 [0 0 0 0 0 0 0 0 0 0 0 0 0 0 0 0 0 3 0 0 0 0 0 0]
 [0 0 0 0 0 0 0 0 0 0 0 0 0 0 0 0 0 0 3 0 0 0 0 0]
 [0 0 0 0 0 0 0 0 0 0 0 0 0 0 0 0 0 0 0 3 0 0 0 0]
 [0 0 0 0 0 0 0 0 0 0 0 1 0 0 0 0 0 0 0 0 2 0 0 0]
 [0 0 0 0 0 0 0 0 0 0 0 0 0 0 0 0 0 0 0 0 0 3 0 0]
 [0 0 1 0 0 0 0 0 0 0 0 0 0 0 0 0 1 0 0 0 0 0 1 0]
 [0 0 0 0 0 0 0 0 0 0 0 0 0 0 0 0 0 0 0 0 0 0 0 3]]
Accuracy: 0.8947368421052632
Evaluation Report:              precision    recall  f1-score   support

           1       0.75      1.00      0.86         3
           2       1.00      1.00      1.00         3
           3       0.60      1.00      0.75         3
           4       1.00      1.00      1.00         3
           9       1.00      1.00      1.00         3
          12       1.00      1.00      1.00         3
          14       1.00      1.00      1.00         3
          19       1.00      0.67      0.80         3
          25       1.00      1.00      1.00         2
          26       1.00      0.67      0.80         3
          27       1.00      1.00      1.00         1
          28       0.67      1.00      0.80         2
          29       1.00      1.00      1.00         1
          30       1.00      1.00      1.00         1
          32       0.00      0.00      0.00         1
          33       1.00      1.00      1.00         1
          35       0.00      0.00      0.00         0
          62       1.00      1.00      1.00         3
          63       1.00      1.00      1.00         3
          64       1.00      1.00      1.00         3
          65       1.00      0.67      0.80         3
          66       1.00      1.00      1.00         3
          77       1.00      0.33      0.50         3
          78       1.00      1.00      1.00         3

    accuracy                           0.89        57
   macro avg       0.88      0.85      0.85        57
weighted avg       0.94      0.89      0.90        57

============= MM =============
Testing the trained model:
Confusion Matrix:
[[3 0 0 0 0 0 0 0 0 0 0 0 0 0 0 0 0 0 0 0 0 0 0 0 0]
 [0 3 0 0 0 0 0 0 0 0 0 0 0 0 0 0 0 0 0 0 0 0 0 0 0]
 [0 0 3 0 0 0 0 0 0 0 0 0 0 0 0 0 0 0 0 0 0 0 0 0 0]
 [0 0 0 3 0 0 0 0 0 0 0 0 0 0 0 0 0 0 0 0 0 0 0 0 0]
 [0 0 0 0 3 0 0 0 0 0 0 0 0 0 0 0 0 0 0 0 0 0 0 0 0]
 [0 0 0 0 0 2 0 0 0 0 0 0 0 0 0 0 0 1 0 0 0 0 0 0 0]
 [0 0 0 0 0 0 3 0 0 0 0 0 0 0 0 0 0 0 0 0 0 0 0 0 0]
 [0 0 0 0 0 0 0 4 0 0 0 0 0 0 0 0 0 0 0 0 0 0 0 0 0]
 [0 0 0 0 0 0 0 0 3 0 0 0 0 0 0 0 0 0 0 0 0 0 0 0 0]
 [0 0 0 0 0 0 0 0 1 2 0 0 0 0 0 0 0 0 0 0 0 0 0 0 0]
 [0 0 0 1 0 0 0 0 0 0 2 0 0 0 0 0 0 0 0 0 0 0 0 0 0]
 [0 0 0 0 0 0 0 0 0 0 0 3 0 0 0 0 0 0 0 0 0 0 0 0 0]
 [0 0 0 0 0 0 0 0 0 0 0 0 2 0 0 0 0 0 0 0 0 1 0 0 0]
 [0 0 0 0 0 0 1 0 0 0 0 0 0 1 0 0 0 1 0 0 0 0 0 0 0]
 [0 0 0 0 0 0 0 0 0 0 0 0 0 0 3 0 0 0 0 0 0 0 0 0 0]
 [1 0 0 0 0 0 0 0 0 0 0 0 0 0 0 2 0 0 0 0 0 0 0 0 0]
 [0 0 0 0 0 0 0 0 0 0 0 0 0 0 0 0 1 0 0 0 0 0 0 0 0]
 [0 0 0 0 0 0 0 0 0 0 0 0 0 0 0 0 0 0 0 0 0 0 0 0 0]
 [0 0 0 0 0 0 0 0 0 0 0 0 0 0 0 0 0 0 2 0 0 1 0 0 0]
 [0 0 0 0 0 0 0 0 0 0 0 0 0 0 0 0 0 0 0 3 0 0 0 0 0]
 [0 0 0 0 0 1 0 0 0 0 0 0 0 0 0 0 0 0 0 0 2 0 0 0 0]
 [0 0 0 0 0 0 0 0 0 0 0 0 0 0 0 0 0 0 0 0 0 2 1 0 0]
 [0 0 0 0 0 0 0 0 0 0 0 0 0 0 0 0 0 0 0 0 0 0 3 0 0]
 [0 0 0 0 0 0 0 0 0 0 0 0 0 0 0 0 0 0 0 0 0 0 0 3 0]
 [0 0 0 0 0 0 0 0 0 0 0 0 0 0 0 0 0 0 0 0 0 0 0 0 3]]
Accuracy: 0.8591549295774648
Evaluation Report:              precision    recall  f1-score   support

           1       0.75      1.00      0.86         3
           2       1.00      1.00      1.00         3
           3       1.00      1.00      1.00         3
           4       0.75      1.00      0.86         3
           9       1.00      1.00      1.00         3
          12       0.67      0.67      0.67         3
          14       0.75      1.00      0.86         3
          19       1.00      1.00      1.00         4
          24       0.75      1.00      0.86         3
          25       1.00      0.67      0.80         3
          26       1.00      0.67      0.80         3
          27       1.00      1.00      1.00         3
          28       1.00      0.67      0.80         3
          29       1.00      0.33      0.50         3
          30       1.00      1.00      1.00         3
          32       1.00      0.67      0.80         3
          34       1.00      1.00      1.00         1
          35       0.00      0.00      0.00         0
          62       1.00      0.67      0.80         3
          63       1.00      1.00      1.00         3
          64       1.00      0.67      0.80         3
          65       0.50      0.67      0.57         3
          66       0.75      1.00      0.86         3
          77       1.00      1.00      1.00         3
          78       1.00      1.00      1.00         3

    accuracy                           0.86        71
   macro avg       0.88      0.83      0.83        71
weighted avg       0.91      0.86      0.87        71

============= HM =============
Testing the trained model:
Confusion Matrix:
[[2 0 0 0 0 0 0 0 0 0 0 0 0 0 0 0 0 1 0 0 0 0 0 0 0]
 [0 2 0 1 0 0 0 0 0 0 0 0 0 0 0 0 0 0 0 0 0 0 0 0 0]
 [0 0 2 0 0 0 0 0 0 0 0 0 0 0 0 1 0 0 0 0 0 0 0 0 0]
 [0 0 0 3 0 0 0 0 0 0 0 0 0 0 0 0 0 0 0 0 0 0 0 0 0]
 [0 0 0 0 3 0 0 0 0 0 0 0 0 0 0 0 0 0 0 0 0 0 0 0 0]
 [0 0 0 0 0 2 0 0 0 0 0 0 0 0 0 1 0 0 0 0 0 0 0 0 0]
 [0 0 0 0 0 0 2 0 0 0 0 0 0 0 0 0 0 0 0 0 0 0 0 0 1]
 [0 0 0 0 0 0 0 3 0 0 0 0 0 0 0 0 0 0 0 1 0 0 0 0 0]
 [0 0 0 0 0 0 0 0 2 0 0 0 0 0 0 0 0 0 0 1 0 0 0 0 0]
 [0 0 0 0 0 0 0 0 0 0 0 0 0 0 0 0 0 0 0 3 0 0 0 0 0]
 [0 0 0 0 0 0 0 0 0 0 1 0 0 0 0 0 0 0 0 0 0 0 0 0 0]
 [0 0 0 0 0 0 0 0 0 0 0 1 0 0 0 0 0 0 0 1 0 0 0 0 0]
 [0 0 0 0 0 0 0 0 0 0 0 0 0 1 0 0 0 0 0 0 0 0 0 0 0]
 [0 0 0 0 0 0 0 0 0 0 0 0 2 1 0 0 0 0 0 0 0 0 0 0 0]
 [0 0 0 0 0 0 0 0 0 0 0 0 0 0 2 0 0 0 0 0 0 0 1 0 0]
 [0 0 0 0 0 0 0 0 0 0 0 0 0 0 0 0 0 0 0 0 0 0 0 0 0]
 [0 0 0 0 0 0 0 0 0 0 0 0 0 0 0 0 3 0 0 0 0 0 0 0 0]
 [0 0 0 0 0 0 0 0 0 0 0 0 0 0 0 0 0 2 0 0 0 1 0 0 0]
 [0 0 0 1 0 0 0 0 0 0 0 0 0 0 0 0 0 0 1 0 0 1 0 0 0]
 [0 0 0 0 0 0 0 0 0 0 0 0 0 0 0 0 0 0 0 2 0 1 0 0 0]
 [0 0 0 0 0 0 0 0 0 0 0 0 0 0 0 0 1 0 0 0 2 0 0 0 0]
 [0 0 0 0 0 0 0 1 0 0 0 0 0 0 0 0 0 0 0 0 0 1 1 0 0]
 [0 0 0 0 0 0 0 0 0 0 0 0 0 0 0 0 0 0 0 0 0 0 1 0 2]
 [0 1 0 0 0 0 0 0 0 0 0 0 0 0 0 0 1 0 0 0 0 0 0 1 0]
 [0 0 0 0 0 0 0 0 0 0 0 0 0 1 0 0 0 0 0 0 0 1 0 0 1]]
Accuracy: 0.5882352941176471
Evaluation Report:              precision    recall  f1-score   support

           1       1.00      0.67      0.80         3
           2       0.67      0.67      0.67         3
           3       1.00      0.67      0.80         3
           4       0.60      1.00      0.75         3
           9       1.00      1.00      1.00         3
          12       1.00      0.67      0.80         3
          14       1.00      0.67      0.80         3
          19       0.75      0.75      0.75         4
          24       1.00      0.67      0.80         3
          25       0.00      0.00      0.00         3
          26       1.00      1.00      1.00         1
          28       1.00      0.50      0.67         2
          29       0.00      0.00      0.00         1
          32       0.33      0.33      0.33         3
          33       1.00      0.67      0.80         3
          34       0.00      0.00      0.00         0
          35       0.60      1.00      0.75         3
          36       0.67      0.67      0.67         3
          62       1.00      0.33      0.50         3
          63       0.25      0.67      0.36         3
          64       1.00      0.67      0.80         3
          65       0.20      0.33      0.25         3
          66       0.33      0.33      0.33         3
          77       1.00      0.33      0.50         3
          78       0.25      0.33      0.29         3

    accuracy                           0.59        68
   macro avg       0.67      0.56      0.58        68
weighted avg       0.70      0.59      0.61        68

