====================================
Accuracy Model: 1.0
============= Model =============
Testing the trained model:
Confusion Matrix:
[[21  0  0  0  0  0  0  0  0  0  0  0  0  0  0  0  0  0  0  0  0  0  0  0
   0  0  0  0  0  0]
 [ 0 21  0  0  0  0  0  0  0  0  0  0  0  0  0  0  0  0  0  0  0  0  0  0
   0  0  0  0  0  0]
 [ 0  0 22  0  0  0  0  0  0  0  0  0  0  0  0  0  0  0  0  0  0  0  0  0
   0  0  0  0  0  0]
 [ 0  0  0 20  0  0  0  0  0  0  0  0  0  0  0  0  0  0  0  0  0  0  0  0
   0  0  0  0  0  0]
 [ 0  0  0  0  1  0  0  0  0  0  0  0  0  0  0  0  0  0  0  0  0  0  0  0
   0  0  0  0  0  0]
 [ 0  0  0  0  0  1  0  0  0  0  0  0  0  0  0  0  0  0  0  0  0  0  0  0
   0  0  0  0  0  0]
 [ 0  0  0  0  0  0 20  0  0  0  0  0  0  0  0  0  0  0  0  0  0  0  0  0
   0  0  0  0  0  0]
 [ 0  0  0  0  0  0  0 21  0  0  0  0  0  0  0  0  0  0  0  0  0  0  0  0
   0  0  0  0  0  0]
 [ 0  0  0  0  0  0  0  0 21  0  0  0  0  0  0  0  0  0  0  0  0  0  0  0
   0  0  0  0  0  0]
 [ 0  0  0  0  0  0  0  0  0 21  0  0  0  0  0  0  0  0  0  0  0  0  0  0
   0  0  0  0  0  0]
 [ 0  0  0  0  0  0  0  0  0  0 19  0  0  0  0  0  0  0  0  0  0  0  0  0
   0  0  0  0  0  0]
 [ 0  0  0  0  0  0  0  0  0  0  0 20  0  0  0  0  0  0  0  0  0  0  0  0
   0  0  0  0  0  0]
 [ 0  0  0  0  0  0  0  0  0  0  0  0  6  0  0  0  0  0  0  0  0  0  0  0
   0  0  0  0  0  0]
 [ 0  0  0  0  0  0  0  0  0  0  0  0  0  6  0  0  0  0  0  0  0  0  0  0
   0  0  0  0  0  0]
 [ 0  0  0  0  0  0  0  0  0  0  0  0  0  0  8  0  0  0  0  0  0  0  0  0
   0  0  0  0  0  0]
 [ 0  0  0  0  0  0  0  0  0  0  0  0  0  0  0  6  0  0  0  0  0  0  0  0
   0  0  0  0  0  0]
 [ 0  0  0  0  0  0  0  0  0  0  0  0  0  0  0  0 17  0  0  0  0  0  0  0
   0  0  0  0  0  0]
 [ 0  0  0  0  0  0  0  0  0  0  0  0  0  0  0  0  0  7  0  0  0  0  0  0
   0  0  0  0  0  0]
 [ 0  0  0  0  0  0  0  0  0  0  0  0  0  0  0  0  0  0  9  0  0  0  0  0
   0  0  0  0  0  0]
 [ 0  0  0  0  0  0  0  0  0  0  0  0  0  0  0  0  0  0  0 10  0  0  0  0
   0  0  0  0  0  0]
 [ 0  0  0  0  0  0  0  0  0  0  0  0  0  0  0  0  0  0  0  0 11  0  0  0
   0  0  0  0  0  0]
 [ 0  0  0  0  0  0  0  0  0  0  0  0  0  0  0  0  0  0  0  0  0  7  0  0
   0  0  0  0  0  0]
 [ 0  0  0  0  0  0  0  0  0  0  0  0  0  0  0  0  0  0  0  0  0  0  1  0
   0  0  0  0  0  0]
 [ 0  0  0  0  0  0  0  0  0  0  0  0  0  0  0  0  0  0  0  0  0  0  0 14
   0  0  0  0  0  0]
 [ 0  0  0  0  0  0  0  0  0  0  0  0  0  0  0  0  0  0  0  0  0  0  0  0
  21  0  0  0  0  0]
 [ 0  0  0  0  0  0  0  0  0  0  0  0  0  0  0  0  0  0  0  0  0  0  0  0
   0 21  0  0  0  0]
 [ 0  0  0  0  0  0  0  0  0  0  0  0  0  0  0  0  0  0  0  0  0  0  0  0
   0  0 21  0  0  0]
 [ 0  0  0  0  0  0  0  0  0  0  0  0  0  0  0  0  0  0  0  0  0  0  0  0
   0  0  0 20  0  0]
 [ 0  0  0  0  0  0  0  0  0  0  0  0  0  0  0  0  0  0  0  0  0  0  0  0
   0  0  0  0 21  0]
 [ 0  0  0  0  0  0  0  0  0  0  0  0  0  0  0  0  0  0  0  0  0  0  0  0
   0  0  0  0  0 21]]
Accuracy: 1.0
Evaluation Report:              precision    recall  f1-score   support

           1       1.00      1.00      1.00        21
           2       1.00      1.00      1.00        21
           3       1.00      1.00      1.00        22
           4       1.00      1.00      1.00        20
           5       1.00      1.00      1.00         1
           7       1.00      1.00      1.00         1
           9       1.00      1.00      1.00        20
          12       1.00      1.00      1.00        21
          14       1.00      1.00      1.00        21
          19       1.00      1.00      1.00        21
          24       1.00      1.00      1.00        19
          25       1.00      1.00      1.00        20
          26       1.00      1.00      1.00         6
          27       1.00      1.00      1.00         6
          28       1.00      1.00      1.00         8
          29       1.00      1.00      1.00         6
          30       1.00      1.00      1.00        17
          32       1.00      1.00      1.00         7
          33       1.00      1.00      1.00         9
          34       1.00      1.00      1.00        10
          35       1.00      1.00      1.00        11
          36       1.00      1.00      1.00         7
          48       1.00      1.00      1.00         1
          62       1.00      1.00      1.00        14
          63       1.00      1.00      1.00        21
          64       1.00      1.00      1.00        21
          65       1.00      1.00      1.00        21
          66       1.00      1.00      1.00        20
          77       1.00      1.00      1.00        21
          78       1.00      1.00      1.00        21

    accuracy                           1.00       435
   macro avg       1.00      1.00      1.00       435
weighted avg       1.00      1.00      1.00       435

============= WM =============
Testing the trained model:
Confusion Matrix:
[[3 0 0 0 0 0 0 0 0 0 0 0 0 0 0 0 0 0 0 0 0 0 0 0]
 [0 3 0 0 0 0 0 0 0 0 0 0 0 0 0 0 0 0 0 0 0 0 0 0]
 [0 0 3 0 0 0 0 0 0 0 0 0 0 0 0 0 0 0 0 0 0 0 0 0]
 [0 0 0 3 0 0 0 0 0 0 0 0 0 0 0 0 0 0 0 0 0 0 0 0]
 [0 0 0 0 3 0 0 0 0 0 0 0 0 0 0 0 0 0 0 0 0 0 0 0]
 [0 0 0 0 0 3 0 0 0 0 0 0 0 0 0 0 0 0 0 0 0 0 0 0]
 [0 0 0 0 0 0 3 0 0 0 0 0 0 0 0 0 0 0 0 0 0 0 0 0]
 [0 0 0 0 0 0 0 2 0 0 0 0 0 0 0 0 0 0 0 1 0 0 0 0]
 [0 0 0 0 0 0 0 0 2 0 0 0 0 0 0 0 0 0 0 0 0 0 0 0]
 [0 0 0 0 0 0 1 0 0 2 0 0 0 0 0 0 0 0 0 0 0 0 0 0]
 [0 0 0 0 0 0 0 0 0 0 1 0 0 0 0 0 0 0 0 0 0 0 0 0]
 [0 0 0 0 0 0 1 0 0 0 0 1 0 0 0 0 0 0 0 0 0 0 0 0]
 [0 0 0 0 0 0 1 0 0 0 0 0 0 0 0 0 0 0 0 0 0 0 0 0]
 [0 1 0 0 0 0 0 0 0 0 0 0 0 0 0 0 0 0 0 0 0 0 0 0]
 [0 1 0 0 0 0 0 0 0 0 0 0 0 0 0 0 0 0 0 0 0 0 0 0]
 [0 0 0 0 0 0 0 0 0 0 0 0 0 0 0 1 0 0 0 0 0 0 0 0]
 [0 0 0 0 0 0 0 0 0 0 0 0 0 0 0 0 0 0 0 0 0 0 0 0]
 [0 0 0 0 0 0 0 0 0 0 0 0 0 0 0 0 0 3 0 0 0 0 0 0]
 [0 0 0 0 0 0 0 0 0 0 0 0 0 0 0 0 0 0 3 0 0 0 0 0]
 [0 0 0 0 0 0 0 0 0 0 0 0 0 0 0 0 0 0 0 3 0 0 0 0]
 [0 0 0 0 0 0 0 0 0 0 0 0 0 0 0 0 1 0 0 0 2 0 0 0]
 [0 0 0 0 0 0 0 0 0 0 0 0 0 0 0 0 0 0 0 0 0 3 0 0]
 [0 0 0 0 0 0 1 0 0 0 0 0 0 0 0 0 0 0 0 0 1 0 1 0]
 [0 0 0 0 0 0 0 0 0 0 0 0 0 0 0 0 0 0 0 0 0 0 0 3]]
Accuracy: 0.8421052631578947
Evaluation Report:              precision    recall  f1-score   support

           1       1.00      1.00      1.00         3
           2       0.60      1.00      0.75         3
           3       1.00      1.00      1.00         3
           4       1.00      1.00      1.00         3
           9       1.00      1.00      1.00         3
          12       1.00      1.00      1.00         3
          14       0.43      1.00      0.60         3
          19       1.00      0.67      0.80         3
          25       1.00      1.00      1.00         2
          26       1.00      0.67      0.80         3
          27       1.00      1.00      1.00         1
          28       1.00      0.50      0.67         2
          29       0.00      0.00      0.00         1
          30       0.00      0.00      0.00         1
          32       0.00      0.00      0.00         1
          33       1.00      1.00      1.00         1
          35       0.00      0.00      0.00         0
          62       1.00      1.00      1.00         3
          63       1.00      1.00      1.00         3
          64       0.75      1.00      0.86         3
          65       0.67      0.67      0.67         3
          66       1.00      1.00      1.00         3
          77       1.00      0.33      0.50         3
          78       1.00      1.00      1.00         3

    accuracy                           0.84        57
   macro avg       0.77      0.74      0.74        57
weighted avg       0.87      0.84      0.83        57

============= MM =============
Testing the trained model:
Confusion Matrix:
[[3 0 0 0 0 0 0 0 0 0 0 0 0 0 0 0 0 0 0 0 0 0 0 0 0 0 0]
 [0 3 0 0 0 0 0 0 0 0 0 0 0 0 0 0 0 0 0 0 0 0 0 0 0 0 0]
 [0 0 3 0 0 0 0 0 0 0 0 0 0 0 0 0 0 0 0 0 0 0 0 0 0 0 0]
 [0 0 0 3 0 0 0 0 0 0 0 0 0 0 0 0 0 0 0 0 0 0 0 0 0 0 0]
 [0 0 0 0 3 0 0 0 0 0 0 0 0 0 0 0 0 0 0 0 0 0 0 0 0 0 0]
 [0 0 0 0 0 2 0 0 0 0 0 0 0 0 0 0 0 1 0 0 0 0 0 0 0 0 0]
 [0 0 0 0 0 0 0 0 0 0 0 0 0 0 0 0 1 0 0 1 0 0 0 0 0 0 1]
 [0 0 0 0 0 0 0 2 0 0 0 0 0 0 2 0 0 0 0 0 0 0 0 0 0 0 0]
 [0 0 2 0 0 0 0 0 0 0 0 0 0 0 0 0 0 0 1 0 0 0 0 0 0 0 0]
 [0 0 0 0 0 0 0 0 0 3 0 0 0 0 0 0 0 0 0 0 0 0 0 0 0 0 0]
 [0 0 0 0 0 0 0 1 0 0 1 0 0 0 0 0 0 1 0 0 0 0 0 0 0 0 0]
 [0 1 0 0 0 0 0 0 1 0 0 0 0 0 0 0 0 0 0 0 0 1 0 0 0 0 0]
 [0 0 0 0 0 0 0 0 1 0 0 0 1 0 0 0 0 0 0 0 0 0 0 1 0 0 0]
 [0 0 0 0 0 1 0 0 0 0 0 0 0 0 1 0 0 0 1 0 0 0 0 0 0 0 0]
 [0 1 0 0 0 0 0 0 0 0 0 0 0 0 2 0 0 0 0 0 0 0 0 0 0 0 0]
 [0 0 0 1 0 1 0 0 0 1 0 0 0 0 0 0 0 0 0 0 0 0 0 0 0 0 0]
 [0 0 0 0 0 0 0 0 0 0 0 0 0 0 0 0 0 0 0 0 0 0 0 0 0 0 0]
 [0 0 0 0 0 0 0 0 0 0 0 0 0 0 0 0 0 1 0 0 0 0 0 0 0 0 0]
 [0 0 0 0 0 0 0 0 0 0 0 0 0 0 0 0 0 0 0 0 0 0 0 0 0 0 0]
 [0 0 0 0 0 0 0 0 0 0 0 0 0 0 0 0 0 0 0 0 0 0 0 0 0 0 0]
 [0 0 0 0 0 0 0 0 0 0 0 0 0 0 0 0 0 0 0 0 1 0 0 1 0 0 1]
 [0 0 0 0 0 0 0 0 0 0 0 0 0 0 0 0 0 0 0 0 0 3 0 0 0 0 0]
 [0 0 1 0 0 0 0 0 0 0 0 0 0 1 0 0 0 0 0 0 0 0 1 0 0 0 0]
 [0 0 0 0 0 0 0 0 0 0 0 0 0 0 0 0 0 0 0 0 0 0 0 3 0 0 0]
 [0 0 1 0 0 0 0 0 0 0 0 0 0 0 0 0 0 0 0 0 0 0 0 0 2 0 0]
 [0 0 0 0 0 0 0 0 0 0 0 0 0 0 0 0 0 0 0 0 0 0 0 0 0 3 0]
 [0 0 0 0 0 0 0 0 0 0 0 0 0 0 0 0 0 0 0 0 0 0 0 0 0 0 3]]
Accuracy: 0.6056338028169014
Evaluation Report:              precision    recall  f1-score   support

           1       1.00      1.00      1.00         3
           2       0.60      1.00      0.75         3
           3       0.43      1.00      0.60         3
           4       0.75      1.00      0.86         3
           9       1.00      1.00      1.00         3
          12       0.50      0.67      0.57         3
          14       0.00      0.00      0.00         3
          19       0.67      0.50      0.57         4
          24       0.00      0.00      0.00         3
          25       0.75      1.00      0.86         3
          26       1.00      0.33      0.50         3
          27       0.00      0.00      0.00         3
          28       1.00      0.33      0.50         3
          29       0.00      0.00      0.00         3
          30       0.40      0.67      0.50         3
          32       0.00      0.00      0.00         3
          33       0.00      0.00      0.00         0
          34       0.33      1.00      0.50         1
          35       0.00      0.00      0.00         0
          36       0.00      0.00      0.00         0
          62       1.00      0.33      0.50         3
          63       0.75      1.00      0.86         3
          64       1.00      0.33      0.50         3
          65       0.60      1.00      0.75         3
          66       1.00      0.67      0.80         3
          77       1.00      1.00      1.00         3
          78       0.60      1.00      0.75         3

    accuracy                           0.61        71
   macro avg       0.53      0.55      0.49        71
weighted avg       0.61      0.61      0.56        71

============= HM =============
Testing the trained model:
Confusion Matrix:
[[2 0 0 0 0 0 0 0 0 0 0 0 0 0 1 0 0 0 0 0 0 0 0 0 0]
 [0 2 0 0 0 0 0 0 0 0 0 0 0 0 0 0 0 1 0 0 0 0 0 0 0]
 [0 0 3 0 0 0 0 0 0 0 0 0 0 0 0 0 0 0 0 0 0 0 0 0 0]
 [0 0 0 0 0 0 0 0 0 1 0 0 0 0 0 1 1 0 0 0 0 0 0 0 0]
 [0 1 0 0 1 0 0 0 0 0 0 0 0 0 0 0 0 1 0 0 0 0 0 0 0]
 [0 0 0 0 0 2 0 0 0 0 0 0 0 0 0 0 0 0 0 0 1 0 0 0 0]
 [0 1 0 0 0 0 0 0 0 0 0 1 0 0 0 1 0 0 0 0 0 0 0 0 0]
 [0 0 0 0 0 0 0 1 0 0 0 0 0 0 0 0 0 0 0 0 0 1 0 0 2]
 [0 0 0 0 0 0 0 0 2 0 0 0 0 0 0 0 0 0 0 1 0 0 0 0 0]
 [0 0 0 1 0 0 0 0 1 0 0 0 0 1 0 0 0 0 0 0 0 0 0 0 0]
 [0 0 0 0 0 0 0 0 0 0 1 0 0 0 0 0 0 0 0 0 0 0 0 0 0]
 [0 1 0 0 0 0 0 0 1 0 0 0 0 0 0 0 0 0 0 0 0 0 0 0 0]
 [0 0 0 0 0 0 0 0 0 0 0 0 0 0 0 0 0 0 0 0 0 1 0 0 0]
 [1 0 0 0 0 0 0 0 0 1 0 0 0 1 0 0 0 0 0 0 0 0 0 0 0]
 [0 2 0 0 0 0 0 0 0 0 0 0 0 0 0 0 0 0 0 0 0 0 0 1 0]
 [0 0 0 0 0 0 0 0 0 0 0 0 0 0 0 0 0 0 0 0 0 0 0 0 0]
 [0 0 0 0 0 0 0 0 0 0 0 0 0 0 0 0 2 1 0 0 0 0 0 0 0]
 [0 0 0 0 0 0 0 0 0 0 0 0 0 1 0 0 0 2 0 0 0 0 0 0 0]
 [0 0 0 0 0 0 0 0 0 0 0 0 0 0 0 1 0 0 2 0 0 0 0 0 0]
 [0 0 0 1 0 0 0 0 0 0 0 0 0 0 0 0 0 0 0 1 0 0 1 0 0]
 [0 0 3 0 0 0 0 0 0 0 0 0 0 0 0 0 0 0 0 0 0 0 0 0 0]
 [0 0 0 0 0 0 0 0 0 0 0 0 0 0 0 0 0 0 0 0 0 2 0 0 1]
 [0 1 0 0 0 0 0 0 0 0 0 0 0 0 0 0 0 0 0 0 0 1 1 0 0]
 [0 0 0 0 0 0 0 0 0 0 0 0 0 0 0 0 1 0 0 0 0 1 0 1 0]
 [0 0 0 0 0 0 0 0 0 0 0 0 0 0 0 0 0 0 0 0 0 1 1 0 1]]
Accuracy: 0.39705882352941174
Evaluation Report:              precision    recall  f1-score   support

           1       0.67      0.67      0.67         3
           2       0.25      0.67      0.36         3
           3       0.50      1.00      0.67         3
           4       0.00      0.00      0.00         3
           9       1.00      0.33      0.50         3
          12       1.00      0.67      0.80         3
          14       0.00      0.00      0.00         3
          19       1.00      0.25      0.40         4
          24       0.50      0.67      0.57         3
          25       0.00      0.00      0.00         3
          26       1.00      1.00      1.00         1
          28       0.00      0.00      0.00         2
          29       0.00      0.00      0.00         1
          32       0.33      0.33      0.33         3
          33       0.00      0.00      0.00         3
          34       0.00      0.00      0.00         0
          35       0.50      0.67      0.57         3
          36       0.40      0.67      0.50         3
          62       1.00      0.67      0.80         3
          63       0.50      0.33      0.40         3
          64       0.00      0.00      0.00         3
          65       0.29      0.67      0.40         3
          66       0.33      0.33      0.33         3
          77       0.50      0.33      0.40         3
          78       0.25      0.33      0.29         3

    accuracy                           0.40        68
   macro avg       0.40      0.38      0.36        68
weighted avg       0.43      0.40      0.37        68

