====================================
Solver: adam - Activation: relu - hidden layer sizes (64, 64, 64)
Accuracy Model: 0.9974025974025974
============= Model =============
Testing the trained model:
Confusion Matrix:
[[35  0  0  0  0  0  0  0  0  0  0  0  0  0  0]
 [ 0 29  0  0  0  0  0  0  0  0  0  0  0  0  0]
 [ 0  0 20  0  0  0  0  0  0  0  0  0  0  0  0]
 [ 0  0  0 35  0  0  0  0  0  0  0  0  0  0  0]
 [ 0  0  0  0 14  0  0  0  0  0  0  0  0  0  0]
 [ 0  0  0  0  0 30  0  0  0  0  0  0  0  0  0]
 [ 0  0  0  0  0  0 19  0  0  0  0  0  0  0  0]
 [ 0  0  0  0  0  0  0 20  0  0  0  0  0  0  0]
 [ 0  0  0  0  0  0  0  1 16  0  0  0  0  0  0]
 [ 0  0  0  0  0  0  0  0  0 25  0  0  0  0  0]
 [ 0  0  0  0  0  0  0  0  0  0 24  0  0  0  0]
 [ 0  0  0  0  0  0  0  0  0  0  0 29  0  0  0]
 [ 0  0  0  0  0  0  0  0  0  0  0  0 32  0  0]
 [ 0  0  0  0  0  0  0  0  0  0  0  0  0 31  0]
 [ 0  0  0  0  0  0  0  0  0  0  0  0  0  0 25]]
Accuracy: 0.9974025974025974
Evaluation Report:              precision    recall  f1-score   support

           1       1.00      1.00      1.00        35
           2       1.00      1.00      1.00        29
           3       1.00      1.00      1.00        20
           4       1.00      1.00      1.00        35
           5       1.00      1.00      1.00        14
          13       1.00      1.00      1.00        30
          21       1.00      1.00      1.00        19
          23       0.95      1.00      0.98        20
          24       1.00      0.94      0.97        17
          28       1.00      1.00      1.00        25
          30       1.00      1.00      1.00        24
          31       1.00      1.00      1.00        29
          40       1.00      1.00      1.00        32
          41       1.00      1.00      1.00        31
          42       1.00      1.00      1.00        25

    accuracy                           1.00       385
   macro avg       1.00      1.00      1.00       385
weighted avg       1.00      1.00      1.00       385

============= WM =============
Testing the trained model:
Confusion Matrix:
[[5 0 0 0 0 0 0 0 0 0 0 0]
 [0 6 0 0 0 0 0 0 0 0 0 0]
 [0 0 9 0 0 1 0 0 0 0 0 0]
 [0 0 0 6 0 0 0 0 0 0 0 0]
 [0 0 0 0 9 0 0 0 0 0 0 0]
 [0 0 0 0 0 3 0 0 0 0 0 0]
 [0 0 0 0 0 0 3 0 0 0 0 0]
 [0 0 0 0 0 0 0 0 0 0 0 0]
 [0 0 0 0 0 0 0 1 0 0 0 0]
 [0 0 0 0 0 0 0 0 0 2 0 0]
 [0 0 0 0 0 0 0 0 0 0 4 0]
 [0 0 0 0 0 0 0 0 0 0 0 3]]
Accuracy: 0.9615384615384616
Evaluation Report:              precision    recall  f1-score   support

           1       1.00      1.00      1.00         5
           2       1.00      1.00      1.00         6
           3       1.00      0.90      0.95        10
           4       1.00      1.00      1.00         6
           5       1.00      1.00      1.00         9
          13       0.75      1.00      0.86         3
          21       1.00      1.00      1.00         3
          23       0.00      0.00      0.00         0
          24       0.00      0.00      0.00         1
          28       1.00      1.00      1.00         2
          30       1.00      1.00      1.00         4
          31       1.00      1.00      1.00         3

    accuracy                           0.96        52
   macro avg       0.81      0.83      0.82        52
weighted avg       0.97      0.96      0.96        52

============= MM =============
Testing the trained model:
Confusion Matrix:
[[4 0 0 0 0 0 0 0 0 0]
 [0 9 0 0 0 0 0 0 0 0]
 [0 0 7 0 0 0 0 0 0 0]
 [0 0 0 6 0 0 0 0 0 0]
 [0 0 0 0 9 0 0 0 0 0]
 [0 0 0 0 0 6 0 0 0 0]
 [0 0 0 0 0 0 7 0 0 0]
 [0 0 0 0 0 0 0 2 0 0]
 [0 0 0 0 0 0 0 0 4 0]
 [0 0 0 0 0 0 0 0 0 5]]
Accuracy: 1.0
Evaluation Report:              precision    recall  f1-score   support

           1       1.00      1.00      1.00         4
           2       1.00      1.00      1.00         9
           3       1.00      1.00      1.00         7
           4       1.00      1.00      1.00         6
           5       1.00      1.00      1.00         9
          13       1.00      1.00      1.00         6
          21       1.00      1.00      1.00         7
          28       1.00      1.00      1.00         2
          30       1.00      1.00      1.00         4
          31       1.00      1.00      1.00         5

    accuracy                           1.00        59
   macro avg       1.00      1.00      1.00        59
weighted avg       1.00      1.00      1.00        59

============= HM =============
Testing the trained model:
Confusion Matrix:
[[5 0 0 0 0 0 0 0 0]
 [0 3 0 0 0 0 0 0 0]
 [0 0 1 0 0 1 0 0 0]
 [0 0 0 7 0 0 0 0 0]
 [0 0 0 0 3 1 0 0 0]
 [0 0 0 0 0 5 0 0 0]
 [0 0 1 0 0 0 3 0 1]
 [0 0 0 0 0 0 0 4 0]
 [0 0 0 0 0 0 0 0 3]]
Accuracy: 0.8947368421052632
Evaluation Report:              precision    recall  f1-score   support

           1       1.00      1.00      1.00         5
           2       1.00      1.00      1.00         3
           3       0.50      0.50      0.50         2
           4       1.00      1.00      1.00         7
           5       1.00      0.75      0.86         4
          13       0.71      1.00      0.83         5
          21       1.00      0.60      0.75         5
          28       1.00      1.00      1.00         4
          30       0.75      1.00      0.86         3

    accuracy                           0.89        38
   macro avg       0.88      0.87      0.87        38
weighted avg       0.92      0.89      0.89        38
====================================
Solver: adam - Activation: relu - hidden layer sizes (64, 64, 64)
Accuracy Model: 0.17569786535303777
============= Model =============
Testing the trained model:
Confusion Matrix:
[[ 0  0  0  0  0  0  0  0  0  0  0  0  0  0  0  0  0  0  0  0 11  0  0  0
   0  0  0  0  0  0  9]
 [ 0 18  0  0  0  0  0  0  0  0  0  0  0  0  0  0  0  0  0  0  2  0  0  0
   0  0  0  0  0  0  1]
 [ 0  2  0  0  0  0  0  0  0  0  0  0  0  0  1  0  0  0  0  0 19  0  0  0
   0  0  0  0  0  0  0]
 [ 0  7  0  0  0  0  0  0  0  0  0  0  0  0  9  0  0  0  0  0  3  0  0  0
   0  0  0  0  0  0  1]
 [ 0  0  0  0  0  0  0  0  0  0  0  0  0  0  0  0  0  0  0  0  1  0  0  0
   0  0  0  0  0  0  0]
 [ 0  0  0  0  0  0  0  0  0  0  0  0  0  0  0  0  0  0  0  0 20  0  0  0
   0  0  0  0  0  0  0]
 [ 0  7  0  0  0  0  0  0  0  0  0  0  0  0  1  0  0  0  0  0 12  0  0  0
   0  0  0  0  0  0  0]
 [ 0  0  0  0  0  0  0  0  0  0  0  0  0  0  0  0  0  0  0  0 21  0  0  0
   0  0  0  0  0  0  0]
 [ 0  0  0  0  0  0  0  0  0  0  0  0  0  0  1  0  0  0  0  0 10  3  0  0
   0  0  0  0  0  0  7]
 [ 0  0  0  0  0  0  0  0  0  0  0  0  0  0  0  0  0  0  0  0 18  0  0  0
   0  0  0  0  0  0  3]
 [ 0  2  0  0  0  0  0  0  0  0  0  0  0  0  2  0  0  0  0  0 15  0  0  0
   0  0  0  0  0  0  2]
 [ 0  2  0  0  0  0  0  0  0  0  0  0  0  0  0  0  0  0  0  0 13  0  0  0
   0  0  0  0  0  0  0]
 [ 0  0  0  0  0  0  0  0  0  0  0  0  0  0  2  0  0  0  0  0 18  0  0  0
   0  0  0  0  0  0  0]
 [ 0  3  0  0  0  0  0  0  0  0  0  0  0  0  3  0  0  0  0  0  2  0  0  0
   0  0  0  0  0  0 15]
 [ 0  0  0  0  0  0  0  0  0  0  0  0  0  0  0  0  0  0  0  0 18  0  0  0
   0  0  0  0  0  0  0]
 [ 0  2  0  0  0  0  0  0  0  0  0  0  0  0  0  0  0  0  0  0  3  2  0  0
   0  0  0  0  0  0 12]
 [ 0  3  0  0  0  0  0  0  0  0  0  0  0  0  0  0  0  0  0  0 14  0  0  0
   0  0  0  0  0  0  0]
 [ 0  3  0  0  0  0  0  0  0  0  0  0  0  0  1  0  0  0  0  0 15  0  0  0
   0  0  0  0  0  0  0]
 [ 0  9  0  0  0  0  0  0  0  0  0  0  0  0  0  0  0  0  0  0 10  0  0  0
   0  0  0  0  0  0  1]
 [ 0  1  0  0  0  0  0  0  0  0  0  0  0  0  0  0  0  0  0  0 10  0  0  0
   0  0  0  0  0  0  0]
 [ 0  0  0  0  0  0  0  0  0  0  0  0  0  0  0  0  0  0  0  0 18  0  0  0
   0  0  0  0  0  0  0]
 [ 0  0  0  0  0  0  0  0  0  0  0  0  0  0  0  0  0  0  0  0  1  0  0  0
   0  0  0  0  0  0  0]
 [ 0  0  0  0  0  0  0  0  0  0  0  0  0  0  1  0  0  0  0  0 10  7  0  0
   0  0  0  0  0  0  2]
 [ 0 12  0  0  0  0  0  0  0  0  0  0  0  0  0  0  0  0  0  0  4  0  0  0
   0  0  0  0  0  0  0]
 [ 0  0  0  0  0  0  0  0  0  0  0  0  0  0  0  0  0  0  0  0 19  0  0  0
   0  0  0  0  0  0  0]
 [ 0  0  0  0  0  0  0  0  0  0  0  0  0  0  2  0  0  0  0  0 16  1  0  0
   0  0  0  0  0  0  0]
 [ 0  0  0  0  0  0  0  0  0  0  0  0  0  0  0  0  0  0  0  0 15  0  0  0
   0  0  0  0  0  0  4]
 [ 0  0  0  0  0  0  0  0  0  0  0  0  0  0  0  0  0  0  0  0  1  0  0  0
   0  0  0  0  0  0  0]
 [ 0  6  0  0  0  0  0  0  0  0  0  0  0  0  0  0  0  0  0  0  7  2  0  0
   0  0  0  0  0  0  0]
 [ 0  0  0  0  0  0  0  0  0  0  0  0  0  0  0  0  0  0  0  0 17  0  0  0
   0  0  0  0  0  0  0]
 [ 0  3  0  0  0  0  0  0  0  0  0  0  0  0  1  0  0  0  0  0 19  0  0  0
   0  0  0  0  0  0 71]]
Accuracy: 0.17569786535303777
Evaluation Report:              precision    recall  f1-score   support

          01       0.00      0.00      0.00        20
          02       0.23      0.86      0.36        21
          03       0.00      0.00      0.00        22
          04       0.00      0.00      0.00        20
          05       0.00      0.00      0.00         1
          09       0.00      0.00      0.00        20
          12       0.00      0.00      0.00        20
          14       0.00      0.00      0.00        21
          19       0.00      0.00      0.00        21
          24       0.00      0.00      0.00        21
          25       0.00      0.00      0.00        21
          26       0.00      0.00      0.00        15
          27       0.00      0.00      0.00        20
          28       0.00      0.00      0.00        23
          29       0.00      0.00      0.00        18
          30       0.00      0.00      0.00        19
          32       0.00      0.00      0.00        17
          33       0.00      0.00      0.00        19
          34       0.00      0.00      0.00        20
          35       0.00      0.00      0.00        11
          36       0.05      1.00      0.09        18
          48       0.00      0.00      0.00         1
          62       0.00      0.00      0.00        20
          63       0.00      0.00      0.00        16
          64       0.00      0.00      0.00        19
          65       0.00      0.00      0.00        19
          66       0.00      0.00      0.00        19
           7       0.00      0.00      0.00         1
          77       0.00      0.00      0.00        15
          78       0.00      0.00      0.00        17
        face       0.55      0.76      0.64        94

    accuracy                           0.18       609
   macro avg       0.03      0.08      0.04       609
weighted avg       0.09      0.18      0.11       609

====================================
Solver: adam - Activation: relu - hidden layer sizes (64, 64, 64)
Accuracy Model: 0.987987987987988
============= Model =============
Testing the trained model:
Confusion Matrix:
[[20  0  0 ...  0  0  0]
 [ 0 21  0 ...  0  0  0]
 [ 0  0 21 ...  0  0  0]
 ...
 [ 0  0  0 ... 19  0  0]
 [ 0  0  0 ...  0 20  0]
 [ 0  0  0 ...  0  0 20]]
Accuracy: 0.987987987987988
Evaluation Report:              precision    recall  f1-score   support

           1       1.00      1.00      1.00        20
           2       1.00      1.00      1.00        21
           3       1.00      0.95      0.98        22
           4       0.95      0.95      0.95        20
           5       0.00      0.00      0.00         1
           7       0.00      0.00      0.00         1
           9       0.95      1.00      0.98        20
          12       1.00      1.00      1.00        20
          14       1.00      1.00      1.00        21
          19       1.00      1.00      1.00        21
          24       1.00      1.00      1.00        21
          25       1.00      1.00      1.00        21
          26       1.00      1.00      1.00        15
          27       1.00      1.00      1.00        20
          28       1.00      0.91      0.95        23
          29       0.95      1.00      0.97        18
          30       0.90      0.95      0.92        19
          32       1.00      1.00      1.00        17
          33       1.00      1.00      1.00        19
          34       1.00      1.00      1.00        20
          35       1.00      1.00      1.00        11
          36       0.95      1.00      0.97        18
          40       1.00      1.00      1.00        21
          41       1.00      1.00      1.00        16
          42       1.00      1.00      1.00        20
          48       0.00      0.00      0.00         1
          62       1.00      1.00      1.00        20
          63       1.00      1.00      1.00        16
          64       0.95      1.00      0.97        19
          65       1.00      1.00      1.00        19
          66       0.95      1.00      0.97        19
          77       1.00      1.00      1.00        15
          78       1.00      1.00      1.00        17
          79       1.00      1.00      1.00        17
          80       1.00      1.00      1.00        18
          81       1.00      1.00      1.00        19
          82       1.00      1.00      1.00        20
          83       1.00      1.00      1.00        20

    accuracy                           0.99       666
   macro avg       0.91      0.91      0.91       666
weighted avg       0.98      0.99      0.99       666

