====================================
Accuracy Model: 0.9974025974025974
============= Model =============
Testing the trained model:
Confusion Matrix:
[[35  0  0  0  0  0  0  0  0  0  0  0  0  0  0]
 [ 0 29  0  0  0  0  0  0  0  0  0  0  0  0  0]
 [ 0  0 20  0  0  0  0  0  0  0  0  0  0  0  0]
 [ 0  0  0 35  0  0  0  0  0  0  0  0  0  0  0]
 [ 0  0  0  0 14  0  0  0  0  0  0  0  0  0  0]
 [ 0  0  0  0  0 30  0  0  0  0  0  0  0  0  0]
 [ 0  0  0  0  0  0 19  0  0  0  0  0  0  0  0]
 [ 0  0  0  0  0  0  0 20  0  0  0  0  0  0  0]
 [ 0  0  0  0  0  0  0  1 16  0  0  0  0  0  0]
 [ 0  0  0  0  0  0  0  0  0 25  0  0  0  0  0]
 [ 0  0  0  0  0  0  0  0  0  0 24  0  0  0  0]
 [ 0  0  0  0  0  0  0  0  0  0  0 29  0  0  0]
 [ 0  0  0  0  0  0  0  0  0  0  0  0 32  0  0]
 [ 0  0  0  0  0  0  0  0  0  0  0  0  0 31  0]
 [ 0  0  0  0  0  0  0  0  0  0  0  0  0  0 25]]
Accuracy: 0.9974025974025974
Evaluation Report:              precision    recall  f1-score   support

           1       1.00      1.00      1.00        35
           2       1.00      1.00      1.00        29
           3       1.00      1.00      1.00        20
           4       1.00      1.00      1.00        35
           5       1.00      1.00      1.00        14
          13       1.00      1.00      1.00        30
          21       1.00      1.00      1.00        19
          23       0.95      1.00      0.98        20
          24       1.00      0.94      0.97        17
          28       1.00      1.00      1.00        25
          30       1.00      1.00      1.00        24
          31       1.00      1.00      1.00        29
          40       1.00      1.00      1.00        32
          41       1.00      1.00      1.00        31
          42       1.00      1.00      1.00        25

    accuracy                           1.00       385
   macro avg       1.00      1.00      1.00       385
weighted avg       1.00      1.00      1.00       385

============= WM =============
Testing the trained model:
Confusion Matrix:
[[ 5  0  0  0  0  0  0  0  0  0  0  0]
 [ 0  6  0  0  0  0  0  0  0  0  0  0]
 [ 0  0 10  0  0  0  0  0  0  0  0  0]
 [ 0  0  0  6  0  0  0  0  0  0  0  0]
 [ 0  0  0  0  9  0  0  0  0  0  0  0]
 [ 0  0  0  0  0  3  0  0  0  0  0  0]
 [ 0  0  0  0  0  0  3  0  0  0  0  0]
 [ 0  0  0  0  0  0  0  0  0  0  0  0]
 [ 0  0  0  0  0  0  0  1  0  0  0  0]
 [ 0  0  0  0  0  0  0  0  0  2  0  0]
 [ 0  0  0  0  0  0  0  0  0  0  4  0]
 [ 0  0  0  0  0  0  0  0  0  0  0  3]]
Accuracy: 0.9807692307692307
Evaluation Report:              precision    recall  f1-score   support

           1       1.00      1.00      1.00         5
           2       1.00      1.00      1.00         6
           3       1.00      1.00      1.00        10
           4       1.00      1.00      1.00         6
           5       1.00      1.00      1.00         9
          13       1.00      1.00      1.00         3
          21       1.00      1.00      1.00         3
          23       0.00      0.00      0.00         0
          24       0.00      0.00      0.00         1
          28       1.00      1.00      1.00         2
          30       1.00      1.00      1.00         4
          31       1.00      1.00      1.00         3

    accuracy                           0.98        52
   macro avg       0.83      0.83      0.83        52
weighted avg       0.98      0.98      0.98        52

============= MM =============
Testing the trained model:
Confusion Matrix:
[[4 0 0 0 0 0 0 0 0 0]
 [0 9 0 0 0 0 0 0 0 0]
 [0 0 7 0 0 0 0 0 0 0]
 [0 0 0 6 0 0 0 0 0 0]
 [0 0 0 0 9 0 0 0 0 0]
 [0 0 0 0 0 6 0 0 0 0]
 [0 0 0 0 0 0 7 0 0 0]
 [0 0 0 0 0 0 0 2 0 0]
 [0 0 0 0 0 0 0 0 4 0]
 [0 0 0 0 0 0 0 0 0 5]]
Accuracy: 1.0
Evaluation Report:              precision    recall  f1-score   support

           1       1.00      1.00      1.00         4
           2       1.00      1.00      1.00         9
           3       1.00      1.00      1.00         7
           4       1.00      1.00      1.00         6
           5       1.00      1.00      1.00         9
          13       1.00      1.00      1.00         6
          21       1.00      1.00      1.00         7
          28       1.00      1.00      1.00         2
          30       1.00      1.00      1.00         4
          31       1.00      1.00      1.00         5

    accuracy                           1.00        59
   macro avg       1.00      1.00      1.00        59
weighted avg       1.00      1.00      1.00        59

============= HM =============
Testing the trained model:
Confusion Matrix:
[[5 0 0 0 0 0 0 0 0]
 [0 3 0 0 0 0 0 0 0]
 [0 0 2 0 0 0 0 0 0]
 [0 0 0 7 0 0 0 0 0]
 [0 0 0 0 4 0 0 0 0]
 [0 0 0 0 0 5 0 0 0]
 [0 0 0 0 0 0 5 0 0]
 [0 0 0 0 0 0 0 4 0]
 [0 0 0 0 0 0 0 0 3]]
Accuracy: 1.0
Evaluation Report:              precision    recall  f1-score   support

           1       1.00      1.00      1.00         5
           2       1.00      1.00      1.00         3
           3       1.00      1.00      1.00         2
           4       1.00      1.00      1.00         7
           5       1.00      1.00      1.00         4
          13       1.00      1.00      1.00         5
          21       1.00      1.00      1.00         5
          28       1.00      1.00      1.00         4
          30       1.00      1.00      1.00         3

    accuracy                           1.00        38
   macro avg       1.00      1.00      1.00        38
weighted avg       1.00      1.00      1.00        38

